--RUN 1--
Generations: 75
Maximum Total Score: 3664.0
Maximum Distance Score: 5000
Maximum Target Score: 16
Best Overall Total Score: 3664.0
Distance Score of Best Overall: 4780
Target Score of Best Overall: -112.0

PARAMETERS:
Random Seed: 55933
Mu: [3, 2, 2]   Mu Weights: [15, 30, 44, 58, 72, 86, 100]    Lambda: 23
Population Size: 30
Maximum Allowed Distance: 5000
Plane Y Speed: -3.5     Plane X Speed: 3
Multi-Objective Weight Function: distanceScore + (10 * targetScore)
Range of Horizontal Space between Adjacent Radar Pairs: 175 - 340
Range of Gap (Vertical Space) between Pair of Radars:  120 - 180
Minimum Length of Radar Beam: 80
Mutation Probability (Weighted for low maximum total scores): 0.015
Number of Columns: 250
Number of Levels Back: 250

LISTS:
List of Best in Generation for Total Score: [0, 210, 151, 402.0, 230, 231, 266.0, 270, 196, 230, 675.0, 597, 208.0, 216.0, 656.0, 230, 190, 150, 230, 386, 194, 234, 265.0, 210, 947, 243.0, 379, 445, 243.0, 371.0, 539.0, 390, 638.0, 243, 3024.0, 2554.0, 1864.0, 2194.0, 2130.0, 2119.0, 2619.0, 1964.0, 2723.0, 2960.0, 2185.0, 2097, 2834.0, 2891.0, 2549.0, 2589.0, 3649.0, 2216.0, 2379.0, 2554.0, 2931.0, 2260.0, 2360.0, 2336.0, 2469.0, 2524.0, 2359.0, 2656.0, 2693.0, 2209.0, 3074.0, 1181.0, 3478.0, 2639.0, 2776.0, 2533.0, 3305.0, 2172.0, 3664.0, 1494.0, 3319.0]
List of Best in All Previous Generations for Total Score: [0, 210, 210, 402.0, 402.0, 402.0, 402.0, 402.0, 402.0, 402.0, 675.0, 675.0, 675.0, 675.0, 675.0, 675.0, 675.0, 675.0, 675.0, 675.0, 675.0, 675.0, 675.0, 675.0, 947, 947, 947, 947, 947, 947, 947, 947, 947, 947, 3024.0, 3024.0, 3024.0, 3024.0, 3024.0, 3024.0, 3024.0, 3024.0, 3024.0, 3024.0, 3024.0, 3024.0, 3024.0, 3024.0, 3024.0, 3024.0, 3649.0, 3649.0, 3649.0, 3649.0, 3649.0, 3649.0, 3649.0, 3649.0, 3649.0, 3649.0, 3649.0, 3649.0, 3649.0, 3649.0, 3649.0, 3649.0, 3649.0, 3649.0, 3649.0, 3649.0, 3649.0, 3649.0, 3664.0, 3664.0, 3664.0]
List of Best in Generation for Distance Score: [0, 574, 478, 925, 422, 488, 574, 383, 452, 285, 723, 600, 480, 230, 1077, 492, 528, 197, 444, 452, 416, 235, 271, 949, 948, 1278, 418, 1356, 699, 429, 615, 542, 574, 244, 5000, 5000, 5000, 5000, 5000, 5000, 5000, 5000, 5000, 5000, 5000, 5000, 5000, 5000, 5000, 5000, 5000, 5000, 5000, 5000, 5000, 5000, 5000, 5000, 5000, 5000, 5000, 5000, 5000, 5000, 5000, 5000, 5000, 5000, 5000, 5000, 5000, 5000, 5000, 5000, 5000]
List of Best in All Previous Generations for Distance Score: [0, 574, 574, 925, 925, 925, 925, 925, 925, 925, 925, 925, 925, 925, 1077, 1077, 1077, 1077, 1077, 1077, 1077, 1077, 1077, 1077, 1077, 1278, 1278, 1356, 1356, 1356, 1356, 1356, 1356, 1356, 5000, 5000, 5000, 5000, 5000, 5000, 5000, 5000, 5000, 5000, 5000, 5000, 5000, 5000, 5000, 5000, 5000, 5000, 5000, 5000, 5000, 5000, 5000, 5000, 5000, 5000, 5000, 5000, 5000, 5000, 5000, 5000, 5000, 5000, 5000, 5000, 5000, 5000, 5000, 5000, 5000]
List of Best in Generation for Target Score: [0, 4, 0, 0, 8, 8, 11.5, 12, 0, 8, 4.5, 0, 4, 1.0, 8, 8, 4, 0, 8, 0, 0, 0, 4, 4, 12, 4, 4, 4, 0, 4, 4, 8, 8, 4, 4, 4, 12, 7.0, 4, 4, 8, 4, 8, 4, 4, 4, 0, 4, 15.5, 8, 4, 8, 8, 0, 12, 8, 4, 12, 8, 12, 8, 0, 3.5, 12, 12, 8, 8, 4, 8, 4, 4, 12, 0, 4, 16]
List of Best in All Previous Generations for Target Score: [0, 4, 4, 4, 8, 8, 11.5, 12, 12, 12, 12, 12, 12, 12, 12, 12, 12, 12, 12, 12, 12, 12, 12, 12, 12, 12, 12, 12, 12, 12, 12, 12, 12, 12, 12, 12, 12, 12, 12, 12, 12, 12, 12, 12, 12, 12, 12, 12, 15.5, 15.5, 15.5, 15.5, 15.5, 15.5, 15.5, 15.5, 15.5, 15.5, 15.5, 15.5, 15.5, 15.5, 15.5, 15.5, 15.5, 15.5, 15.5, 15.5, 15.5, 15.5, 15.5, 15.5, 15.5, 15.5, 16]
List of Scores for the Best Overall Plane in Each Generation: [[0, 0, 0], [210, 211, -0.5], [151, 152, -18.0], [402.0, 898, -50.0], [230, 151, 7.5], [231, 152, -3.5], [266.0, 152, -8.5], [270, 151, 11.5], [196, 197, 0], [230, 151, 7.5], [675.0, 671, 0.0], [597, 598, 0], [208.0, 179, 3.0], [216.0, 207, 0.5], [656.0, 1077, -42.0], [230, 151, 7.5], [190, 151, 3.5], [150, 151, -0.5], [230, 151, 7.5], [386, 387, 0], [194, 195, -0.5], [234, 235, 0], [265.0, 271, -0.5], [210, 211, 0], [947, 948, 0], [243.0, 264, -2.5], [379, 380, 0], [445, 446, 0], [243.0, 249, -1.0], [371.0, 337, 3.5], [539.0, 615, -7.5], [390, 391, 0], [638.0, 574, 6.5], [243, 244, 0], [3024.0, 5000, -197.5], [2554.0, 4915, -236.5], [1864.0, 1955, -9.5], [2194.0, 5000, -280.5], [2130.0, 4971, -284.5], [2119.0, 5000, -288.0], [2619.0, 5000, -238.0], [1964.0, 5000, -303.5], [2723.0, 4934, -221.5], [2960.0, 4241, -128.5], [2185.0, 4686, -250.5], [2097, 2098, 0], [2834.0, 5000, -216.5], [2891.0, 4857, -197.0], [2549.0, 5000, -245.0], [2589.0, 4790, -220.5], [3649.0, 5000, -135.0], [2216.0, 4837, -262.5], [2379.0, 5000, -262.0], [2554.0, 4965, -241.5], [2931.0, 4837, -191.0], [2260.0, 4961, -270.5], [2360.0, 4906, -255.0], [2336.0, 4997, -266.5], [2469.0, 4935, -247.0], [2524.0, 5000, -247.5], [2359.0, 4945, -259.0], [2656.0, 4867, -221.5], [2693.0, 4864, -217.5], [2209.0, 3950, -174.0], [3074.0, 4970, -190.0], [1181.0, 2257, -107.5], [3478.0, 4989, -151.5], [2639.0, 5000, -236.0], [2776.0, 4912, -214.0], [2533.0, 4844, -231.5], [3305.0, 3561, -26.0], [2172.0, 4618, -245.0], [3664.0, 4780, -112.0], [1494.0, 2270, -78.0], [3319.0, 4830, -151.5]]

--RUN 2--
Generations: 100
Maximum Total Score: 5465.0
Maximum Distance Score: 5000
Maximum Target Score: 51.0
Best Overall Total Score: 5465.0
Distance Score of Best Overall: 4956
Target Score of Best Overall: 50.5

PARAMETERS:
Random Seed: 41999
Mu: [3, 2, 2]   Mu Weights: [15, 30, 44, 58, 72, 86, 100]    Lambda: 23
Population Size: 30
Maximum Allowed Distance: 5000
Plane Y Speed: -3.5     Plane X Speed: 3
Multi-Objective Weight Function: distanceScore + (10 * targetScore)
Range of Horizontal Space between Adjacent Radar Pairs: 175 - 340
Range of Gap (Vertical Space) between Pair of Radars:  120 - 180
Minimum Length of Radar Beam: 80
Mutation Probability (Weighted for low maximum total scores): 0.015
Number of Columns: 250
Number of Levels Back: 250

LISTS:
List of Best in Generation for Total Score: [0, 74, 4258.0, 620.0, 3414.0, 4239.0, 1796.0, 4267.0, 1150.0, 979.0, 3475.0, 4709.0, 1432.0, 4270.0, 2417.0, 2227.0, 2035.0, 3711.0, 3999.0, 2804.0, 4819.0, 1040.0, 2894.0, 5004.0, 1431.0, 2760.0, 5465.0, 1325.0, 1073.0, 3041.0, 1695.0, 1154.0, 1570.0, 2972.0, 596.0, 1182.0, 3482.0, 3444.0, 5444.0, 3465.0, 2817, 3678, 4389.0, 864, 1195, 489, 1687, 4232.0, 3696.0, 4304.0, 3956.0, 3094.0, 3914.0, 4324.0, 4334.0, 3889.0, 3429.0, 4006.0, 4244.0, 4197.0, 4130.0, 4562.0, 3623.0, 3231.0, 3451.0, 4005.0, 4272.0, 4399.0, 4339.0, 4089.0, 4254.0, 3959.0, 4078.0, 4141.0, 3529.0, 4324.0, 4489.0, 4654.0, 3379.0, 4890.0, 3427.0, 3779.0, 4414.0, 3961.0, 3779.0, 3552.0, 4273.0, 4194.0, 4249.0, 5225.0, 4210.0, 4564.0, 4260.0, 4124.0, 4498.0, 4239.0, 4636.0, 4311.0, 4479.0, 4259.0]
List of Best in All Previous Generations for Total Score: [0, 74, 4258.0, 4258.0, 4258.0, 4258.0, 4258.0, 4267.0, 4267.0, 4267.0, 4267.0, 4709.0, 4709.0, 4709.0, 4709.0, 4709.0, 4709.0, 4709.0, 4709.0, 4709.0, 4819.0, 4819.0, 4819.0, 5004.0, 5004.0, 5004.0, 5465.0, 5465.0, 5465.0, 5465.0, 5465.0, 5465.0, 5465.0, 5465.0, 5465.0, 5465.0, 5465.0, 5465.0, 5465.0, 5465.0, 5465.0, 5465.0, 5465.0, 5465.0, 5465.0, 5465.0, 5465.0, 5465.0, 5465.0, 5465.0, 5465.0, 5465.0, 5465.0, 5465.0, 5465.0, 5465.0, 5465.0, 5465.0, 5465.0, 5465.0, 5465.0, 5465.0, 5465.0, 5465.0, 5465.0, 5465.0, 5465.0, 5465.0, 5465.0, 5465.0, 5465.0, 5465.0, 5465.0, 5465.0, 5465.0, 5465.0, 5465.0, 5465.0, 5465.0, 5465.0, 5465.0, 5465.0, 5465.0, 5465.0, 5465.0, 5465.0, 5465.0, 5465.0, 5465.0, 5465.0, 5465.0, 5465.0, 5465.0, 5465.0, 5465.0, 5465.0, 5465.0, 5465.0, 5465.0, 5465.0]
List of Best in Generation for Distance Score: [0, 75, 5000, 691, 4421, 5000, 2352, 4686, 1103, 1519, 3408, 5000, 1151, 5000, 3373, 2598, 2131, 5000, 4270, 3188, 5000, 957, 3905, 5000, 1896, 3281, 5000, 1632, 1170, 4217, 2239, 1663, 1933, 3598, 757, 1558, 4027, 3781, 5000, 3835, 3329, 3679, 5000, 865, 1196, 450, 1688, 5000, 5000, 5000, 5000, 5000, 5000, 5000, 5000, 5000, 5000, 5000, 5000, 5000, 5000, 5000, 5000, 5000, 5000, 5000, 5000, 5000, 5000, 5000, 5000, 5000, 5000, 5000, 5000, 5000, 5000, 5000, 5000, 5000, 5000, 5000, 5000, 5000, 5000, 5000, 5000, 5000, 5000, 5000, 5000, 5000, 5000, 5000, 5000, 5000, 5000, 5000, 5000, 5000]
List of Best in All Previous Generations for Distance Score: [0, 75, 5000, 5000, 5000, 5000, 5000, 5000, 5000, 5000, 5000, 5000, 5000, 5000, 5000, 5000, 5000, 5000, 5000, 5000, 5000, 5000, 5000, 5000, 5000, 5000, 5000, 5000, 5000, 5000, 5000, 5000, 5000, 5000, 5000, 5000, 5000, 5000, 5000, 5000, 5000, 5000, 5000, 5000, 5000, 5000, 5000, 5000, 5000, 5000, 5000, 5000, 5000, 5000, 5000, 5000, 5000, 5000, 5000, 5000, 5000, 5000, 5000, 5000, 5000, 5000, 5000, 5000, 5000, 5000, 5000, 5000, 5000, 5000, 5000, 5000, 5000, 5000, 5000, 5000, 5000, 5000, 5000, 5000, 5000, 5000, 5000, 5000, 5000, 5000, 5000, 5000, 5000, 5000, 5000, 5000, 5000, 5000, 5000, 5000]
List of Best in Generation for Target Score: [0, 0, 8, 4, 0, 8.5, 5.0, 13.5, 14.0, 0.5, 24.5, 4, 36.5, 2.5, 0, 5.5, 7.5, 4, 6.0, 14.5, 23.5, 16.5, 4, 19.0, 11.5, 6.5, 51.0, 4, 9.0, 14.0, 4, 8, 4, 10.5, 4, 0, 8.5, 14.5, 48.5, 25.5, 8.0, 4, 4, 10.5, 0, 4, 0, 4, 6.0, 4, 4, 0, 4, 0, 4, 0, 8, 4.0, 3.5, 20.5, 8, 8, 4, 4, 0, 4, 24.5, 4.5, 4, 0, 7.5, 3.5, 4, 8, 3.0, 5.5, 3.5, 29.0, 4, 1.0, 4, 4, 10.0, 1.0, 2.5, 4, 0, 8.5, 3.5, 48.5, 8, 0, 0, 4, 8.0, 4, 33.0, 4.5, 17.5, 0]
List of Best in All Previous Generations for Target Score: [0, 0, 8, 8, 8, 8.5, 8.5, 13.5, 14.0, 14.0, 24.5, 24.5, 36.5, 36.5, 36.5, 36.5, 36.5, 36.5, 36.5, 36.5, 36.5, 36.5, 36.5, 36.5, 36.5, 36.5, 51.0, 51.0, 51.0, 51.0, 51.0, 51.0, 51.0, 51.0, 51.0, 51.0, 51.0, 51.0, 51.0, 51.0, 51.0, 51.0, 51.0, 51.0, 51.0, 51.0, 51.0, 51.0, 51.0, 51.0, 51.0, 51.0, 51.0, 51.0, 51.0, 51.0, 51.0, 51.0, 51.0, 51.0, 51.0, 51.0, 51.0, 51.0, 51.0, 51.0, 51.0, 51.0, 51.0, 51.0, 51.0, 51.0, 51.0, 51.0, 51.0, 51.0, 51.0, 51.0, 51.0, 51.0, 51.0, 51.0, 51.0, 51.0, 51.0, 51.0, 51.0, 51.0, 51.0, 51.0, 51.0, 51.0, 51.0, 51.0, 51.0, 51.0, 51.0, 51.0, 51.0, 51.0]
List of Scores for the Best Overall Plane in Each Generation: [[0, 0, 0], [74, 75, 0], [4258.0, 4999, -74.5], [620.0, 691, -7.0], [3414.0, 4385, -97.5], [4239.0, 5000, -76.0], [1796.0, 2352, -55.5], [4267.0, 4568, -30.5], [1150.0, 1086, 6.0], [979.0, 1455, -48.0], [3475.0, 3311, 16.0], [4709.0, 5000, -29.0], [1432.0, 1118, 31.0], [4270.0, 4936, -67.0], [2417.0, 3373, -95.5], [2227.0, 2598, -37.0], [2035.0, 2131, -9.5], [3711.0, 4842, -113.5], [3999.0, 4140, -14.5], [2804.0, 3060, -26.0], [4819.0, 4965, -15.0], [1040.0, 936, 10.0], [2894.0, 3905, -101.0], [5004.0, 5000, 0.5], [1431.0, 1377, 5.0], [2760.0, 3211, -45.5], [5465.0, 4956, 50.5], [1325.0, 1546, -22.5], [1073.0, 1044, 2.5], [3041.0, 4217, -117.5], [1695.0, 2196, -50.5], [1154.0, 1630, -48.0], [1570.0, 1891, -32.5], [2972.0, 3598, -62.5], [596.0, 712, -12.0], [1182.0, 1558, -37.5], [3482.0, 4008, -53.0], [3444.0, 3615, -17.5], [5444.0, 5000, 44.5], [3465.0, 3821, -36.0], [2817, 2818, 0], [3678, 3679, 0], [4389.0, 5000, -61.0], [864, 865, 0], [1195, 1196, 0], [489, 450, 4], [1687, 1688, 0], [4232.0, 4918, -69.0], [3696.0, 4937, -124.5], [4304.0, 5000, -69.5], [3956.0, 4987, -103.5], [3094.0, 4980, -189.0], [3914.0, 5000, -108.5], [4324.0, 5000, -68.0], [4334.0, 5000, -66.5], [3889.0, 5000, -111.0], [3429.0, 5000, -157.0], [4006.0, 4977, -97.5], [4244.0, 5000, -75.5], [4197.0, 4978, -78.5], [4130.0, 4881, -75.5], [4562.0, 4968, -41.0], [3623.0, 4979, -136.0], [3231.0, 4992, -176.5], [3451.0, 4992, -154.5], [4005.0, 4991, -99.0], [4272.0, 4868, -60.0], [4399.0, 4970, -57.5], [4339.0, 5000, -66.0], [4089.0, 5000, -91.0], [4254.0, 4910, -66.0], [3959.0, 5000, -104.0], [4078.0, 4944, -87.0], [4141.0, 4932, -79.5], [3529.0, 4985, -146.0], [4324.0, 5000, -67.5], [4489.0, 4980, -49.5], [4654.0, 4995, -34.5], [3379.0, 5000, -162.0], [4890.0, 4956, -7.0], [3427.0, 4913, -149.0], [3779.0, 5000, -122.0], [4414.0, 5000, -58.5], [3961.0, 4812, -85.5], [3779.0, 4955, -118.0], [3552.0, 4988, -144.0], [4273.0, 4979, -71.0], [4194.0, 4965, -77.5], [4249.0, 5000, -75.0], [5225.0, 4986, 23.5], [4210.0, 4991, -78.5], [4564.0, 5000, -39.5], [4260.0, 4986, -73.0], [4124.0, 4965, -84.5], [4498.0, 4934, -44.0], [4239.0, 5000, -76.0], [4636.0, 4992, -36.0], [4311.0, 4922, -61.5], [4479.0, 4950, -47.5], [4259.0, 5000, -74.0]]

--RUN 3--
Generations: 17
Maximum Total Score: 552
Maximum Distance Score: 553
Maximum Target Score: 4
Best Overall Total Score: 552
Distance Score of Best Overall: 553
Target Score of Best Overall: 0

PARAMETERS:
Random Seed: 14041
Mu: [3, 2, 2]   Mu Weights: [15, 30, 44, 58, 72, 86, 100]    Lambda: 23
Population Size: 30
Maximum Allowed Distance: 5000
Plane Y Speed: -3.5     Plane X Speed: 3
Multi-Objective Weight Function: distanceScore + (10 * targetScore)
Range of Horizontal Space between Adjacent Radar Pairs: 175 - 340
Range of Gap (Vertical Space) between Pair of Radars:  120 - 180
Minimum Length of Radar Beam: 80
Mutation Probability (Weighted for low maximum total scores): 0.015
Number of Columns: 250
Number of Levels Back: 250

LISTS:
List of Best in Generation for Total Score: [0, 126, 201.0, 218, 72, 76, 90, 251, 206, 153, 328, 552, 190, 273, 229.0, 190, 201]
List of Best in All Previous Generations for Total Score: [0, 126, 201.0, 218, 218, 218, 218, 251, 251, 251, 328, 552, 552, 552, 552, 552, 552]
List of Best in Generation for Distance Score: [0, 127, 207, 233, 73, 77, 91, 252, 207, 154, 329, 553, 354, 285, 223, 174, 443]
List of Best in All Previous Generations for Distance Score: [0, 127, 207, 233, 233, 233, 233, 252, 252, 252, 329, 553, 553, 553, 553, 553, 553]
List of Best in Generation for Target Score: [0, 0, 0, 0, 0, 0, 0, 0, 0, 0, 4, 4, 4, 0, 4, 4, 4]
List of Best in All Previous Generations for Target Score: [0, 0, 0, 0, 0, 0, 0, 0, 0, 0, 4, 4, 4, 4, 4, 4, 4]
List of Scores for the Best Overall Plane in Each Generation: [[0, 0, 0], [126, 127, 0], [201.0, 207, -0.5], [218, 219, -0.5], [72, 73, 0], [76, 77, 0], [90, 91, 0], [251, 252, 0], [206, 207, 0], [153, 154, 0], [328, 329, 0], [552, 553, 0], [190, 151, 3.5], [273, 274, 0], [229.0, 195, 3.0], [190, 151, 3.5], [201, 202, 0]]

--RUN 4--
Generations: 100
Maximum Total Score: 5374.0
Maximum Distance Score: 5000
Maximum Target Score: 46.5
Best Overall Total Score: 5374.0
Distance Score of Best Overall: 5000
Target Score of Best Overall: 37.5

PARAMETERS:
Random Seed: 71836
Mu: [3, 2, 2]   Mu Weights: [15, 30, 44, 58, 72, 86, 100]    Lambda: 23
Population Size: 30
Maximum Allowed Distance: 5000
Plane Y Speed: -3.5     Plane X Speed: 3
Multi-Objective Weight Function: distanceScore + (10 * targetScore)
Range of Horizontal Space between Adjacent Radar Pairs: 175 - 340
Range of Gap (Vertical Space) between Pair of Radars:  120 - 180
Minimum Length of Radar Beam: 80
Mutation Probability (Weighted for low maximum total scores): 0.015
Number of Columns: 250
Number of Levels Back: 250

LISTS:
List of Best in Generation for Total Score: [0, 198, 198, 190, 239, 103, 145, 137, 197, 256.0, 173, 151, 230, 483, 310, 501.0, 220.0, 174, 263.0, 184, 183, 234, 408.0, 599.0, 164, 179, 252.0, 151, 204, 204, 158, 595, 229, 537.0, 196.0, 318.0, 782.0, 162, 192, 1009.0, 711.0, 1437.0, 2611.0, 1939.0, 408, 2278.0, 851.0, 417, 1617.0, 978.0, 937.0, 729.0, 383.0, 382.0, 3643.0, 707.0, 1271.0, 683.0, 1188.0, 1559.0, 1715.0, 356, 523, 834.0, 651.0, 888.0, 744.0, 4602.0, 4667.0, 4800.0, 4980.0, 4559.0, 5028.0, 4973.0, 4369.0, 4909.0, 4489.0, 2445.0, 4674.0, 4603.0, 4734.0, 4706.0, 4719.0, 4184.0, 5164.0, 4829.0, 5168.0, 5185.0, 1865.0, 4749.0, 5044.0, 5239.0, 5139.0, 5054.0, 5039.0, 5174.0, 5374.0, 5169.0, 5304.0, 4929.0]
List of Best in All Previous Generations for Total Score: [0, 198, 198, 198, 239, 239, 239, 239, 239, 256.0, 256.0, 256.0, 256.0, 483, 483, 501.0, 501.0, 501.0, 501.0, 501.0, 501.0, 501.0, 501.0, 599.0, 599.0, 599.0, 599.0, 599.0, 599.0, 599.0, 599.0, 599.0, 599.0, 599.0, 599.0, 599.0, 782.0, 782.0, 782.0, 1009.0, 1009.0, 1437.0, 2611.0, 2611.0, 2611.0, 2611.0, 2611.0, 2611.0, 2611.0, 2611.0, 2611.0, 2611.0, 2611.0, 2611.0, 3643.0, 3643.0, 3643.0, 3643.0, 3643.0, 3643.0, 3643.0, 3643.0, 3643.0, 3643.0, 3643.0, 3643.0, 3643.0, 4602.0, 4667.0, 4800.0, 4980.0, 4980.0, 5028.0, 5028.0, 5028.0, 5028.0, 5028.0, 5028.0, 5028.0, 5028.0, 5028.0, 5028.0, 5028.0, 5028.0, 5164.0, 5164.0, 5168.0, 5185.0, 5185.0, 5185.0, 5185.0, 5239.0, 5239.0, 5239.0, 5239.0, 5239.0, 5374.0, 5374.0, 5374.0, 5374.0]
List of Best in Generation for Distance Score: [0, 267, 325, 222, 309, 104, 146, 138, 198, 688, 176, 201, 409, 404, 520, 718, 464, 135, 396, 267, 332, 758, 462, 566, 180, 180, 398, 112, 205, 205, 159, 606, 230, 498, 348, 342, 953, 677, 193, 1155, 697, 1608, 2617, 1793, 409, 2459, 767, 378, 1593, 1014, 819, 755, 394, 388, 3269, 668, 1142, 654, 1319, 1780, 1722, 357, 429, 770, 642, 934, 849, 5000, 5000, 5000, 5000, 5000, 5000, 5000, 5000, 5000, 5000, 2406, 5000, 5000, 5000, 5000, 5000, 5000, 5000, 5000, 5000, 5000, 1951, 5000, 5000, 5000, 5000, 5000, 5000, 5000, 5000, 5000, 5000, 5000]
List of Best in All Previous Generations for Distance Score: [0, 267, 325, 325, 325, 325, 325, 325, 325, 688, 688, 688, 688, 688, 688, 718, 718, 718, 718, 718, 718, 758, 758, 758, 758, 758, 758, 758, 758, 758, 758, 758, 758, 758, 758, 758, 953, 953, 953, 1155, 1155, 1608, 2617, 2617, 2617, 2617, 2617, 2617, 2617, 2617, 2617, 2617, 2617, 2617, 3269, 3269, 3269, 3269, 3269, 3269, 3269, 3269, 3269, 3269, 3269, 3269, 3269, 5000, 5000, 5000, 5000, 5000, 5000, 5000, 5000, 5000, 5000, 5000, 5000, 5000, 5000, 5000, 5000, 5000, 5000, 5000, 5000, 5000, 5000, 5000, 5000, 5000, 5000, 5000, 5000, 5000, 5000, 5000, 5000, 5000]
List of Best in Generation for Target Score: [0, 4, 0, 4, 4, 0, 0, 0, 0, 9.0, 0, 0, 8, 8, 16, 5.0, 0, 4, 0.5, 0, 0, 4, 4, 11.5, 0, 0, 0, 4, 4, 0, 0, 4, 0, 6.0, 4, 8, 0, 0, 0, 4, 7.5, 10.5, 29.0, 21.5, 4, 7.0, 11.0, 4, 12.0, 3.0, 18.5, 8, 4, 3.5, 40.0, 12, 20.5, 12, 7.0, 7.0, 23.5, 0, 12, 10.5, 4.5, 20.5, 8, 14.0, 34.5, 31.0, 28.0, 15.0, 37.0, 4, 14.5, 35.5, 8, 4, 13.5, 3.0, 12.0, 30.0, 4, 8, 46.5, 19.5, 20.0, 37.0, 16.0, 21.0, 40.0, 24.5, 17.5, 8, 13.0, 22.0, 44.0, 25.0, 31.5, 2.0]
List of Best in All Previous Generations for Target Score: [0, 4, 4, 4, 4, 4, 4, 4, 4, 9.0, 9.0, 9.0, 9.0, 9.0, 16, 16, 16, 16, 16, 16, 16, 16, 16, 16, 16, 16, 16, 16, 16, 16, 16, 16, 16, 16, 16, 16, 16, 16, 16, 16, 16, 16, 29.0, 29.0, 29.0, 29.0, 29.0, 29.0, 29.0, 29.0, 29.0, 29.0, 29.0, 29.0, 40.0, 40.0, 40.0, 40.0, 40.0, 40.0, 40.0, 40.0, 40.0, 40.0, 40.0, 40.0, 40.0, 40.0, 40.0, 40.0, 40.0, 40.0, 40.0, 40.0, 40.0, 40.0, 40.0, 40.0, 40.0, 40.0, 40.0, 40.0, 40.0, 40.0, 46.5, 46.5, 46.5, 46.5, 46.5, 46.5, 46.5, 46.5, 46.5, 46.5, 46.5, 46.5, 46.5, 46.5, 46.5, 46.5]
List of Scores for the Best Overall Plane in Each Generation: [[0, 0, 0], [198, 159, 3.5], [198, 199, -0.5], [190, 151, 3.5], [239, 200, 3.5], [103, 104, 0], [145, 146, 0], [137, 138, 0], [197, 198, 0], [256.0, 167, 8.5], [173, 174, 0], [151, 152, -12.5], [230, 151, 7.5], [483, 404, 8], [310, 151, 15.5], [501.0, 452, 4.5], [220.0, 411, -19.5], [174, 135, 4], [263.0, 324, -6.5], [184, 185, 0], [183, 184, -0.5], [234, 235, -0.5], [408.0, 424, -2.0], [599.0, 535, 6.0], [164, 165, 0], [179, 180, 0], [252.0, 398, -14.5], [151, 112, 4], [204, 205, 0], [204, 205, 0], [158, 159, 0], [595, 596, -0.5], [229, 230, 0], [537.0, 498, 4.0], [196.0, 192, 0.0], [318.0, 339, -2.0], [782.0, 953, -17.0], [162, 163, -0.5], [192, 193, 0], [1009.0, 1155, -14.5], [711.0, 697, 1.5], [1437.0, 1608, -17.0], [2611.0, 2617, -0.5], [1939.0, 1790, 14.5], [408, 409, 0], [2278.0, 2459, -18.0], [851.0, 767, 8.5], [417, 378, 4], [1617.0, 1593, 2.5], [978.0, 1014, -3.5], [937.0, 788, 14.5], [729.0, 755, -2.5], [383.0, 394, -1.0], [382.0, 388, -0.5], [3643.0, 3269, 37.5], [707.0, 668, 4.0], [1271.0, 1142, 13.0], [683.0, 654, 3.0], [1188.0, 1319, -13.0], [1559.0, 1780, -22.0], [1715.0, 1656, 5.5], [356, 357, 0], [523, 404, 11.5], [834.0, 770, 6.5], [651.0, 642, 1.0], [888.0, 934, -4.5], [744.0, 845, -10.5], [4602.0, 4988, -39.0], [4667.0, 4983, -32.0], [4800.0, 4926, -13.0], [4980.0, 4846, 13.0], [4559.0, 5000, -44.0], [5028.0, 4999, 2.5], [4973.0, 4959, 1.0], [4369.0, 5000, -63.0], [4909.0, 5000, -9.0], [4489.0, 5000, -51.0], [2445.0, 2406, 4.0], [4674.0, 5000, -32.5], [4603.0, 4994, -39.5], [4734.0, 5000, -26.5], [4706.0, 4977, -27.5], [4719.0, 5000, -28.0], [4184.0, 5000, -81.5], [5164.0, 5000, 16.5], [4829.0, 5000, -17.0], [5168.0, 4984, 18.0], [5185.0, 4956, 22.5], [1865.0, 1951, -8.5], [4749.0, 5000, -25.0], [5044.0, 5000, 4.5], [5239.0, 5000, 24.0], [5139.0, 5000, 14.0], [5054.0, 5000, 5.5], [5039.0, 5000, 4.0], [5174.0, 5000, 17.5], [5374.0, 5000, 37.5], [5169.0, 5000, 17.0], [5304.0, 5000, 30.5], [4929.0, 5000, -7.0]]