--RUN 3--
Population Size: 30
Generations: 100
Maximum Total Score: 3919.0
Maximum Distance Score: 5000
Maximum Target Score: 23.5
Best Overall Total Score: 3919.0
Distance Score of Best Overall: 4905
Target Score of Best Overall: -99.0
Theoretical Maximum Score: 7140

PARAMETERS:
Random Seed: 80079
Mu: [3, 2, 2]   Mu Weights: [7, 14, 21, 45, 69, 93, 100]    Lambda: 23
Population Size: 30
Maximum Allowed Distance: 5000
Plane Y Speed: -3.5     Plane X Speed: 3
Multi-Objective Weight Function: distanceScore + (10 * targetScore)
Range of Horizontal Space between Adjacent Radar Pairs: 175 - 340
Range of Gap (Vertical Space) between Pair of Radars:  120 - 180
Minimum Length of Radar Beam: 80
Mutation Probability (Weighted for low maximum total scores): 0.015
Number of Columns: 25
Number of Levels Back: 250

LISTS:
List of Best in Generation for Total Score: [0, 196.0, 135, 236.0, 253.0, 206, 248.0, 310, 270, 269.0, 165, 190, 150, 2073.0, 1773.0, 2821.0, 1355.0, 1908.0, 1498.0, 2125.0, 2136.0, 3127.0, 2557.0, 2994.0, 2179.0, 1937.0, 2821.0, 2276.0, 2041.0, 2215.0, 3276.0, 2905.0, 2919.0, 304.0, 1430.0, 2094.0, 2239.0, 1944.0, 2914.0, 2349.0, 2506.0, 2703.0, 2744.0, 1129.0, 3082.0, 685.0, 3410.0, 230, 422.0, 2601.0, 2739.0, 2761.0, 1588.0, 2599.0, 1659.0, 2159.0, 2483.0, 2822.0, 2433.0, 2554.0, 2883.0, 3424.0, 1968.0, 1946.0, 150, 3661.0, 3654.0, 3074.0, 1689.0, 856.0, 3742.0, 3529.0, 1833.0, 3124.0, 2981.0, 2614.0, 2529.0, 3269.0, 2291.0, 1876.0, 3234.0, 1694.0, 2711.0, 1699.0, 1979.0, 1373.0, 3373.0, 3090.0, 3294.0, 1810.0, 244, 192, 2234.0, 2380.0, 1630.0, 2115.0, 3919.0, 2904.0, 3219.0, 1620.0]
List of Best in All Previous Generations for Total Score: [0, 196.0, 196.0, 236.0, 253.0, 253.0, 253.0, 310, 310, 310, 310, 310, 310, 2073.0, 2073.0, 2821.0, 2821.0, 2821.0, 2821.0, 2821.0, 2821.0, 3127.0, 3127.0, 3127.0, 3127.0, 3127.0, 3127.0, 3127.0, 3127.0, 3127.0, 3276.0, 3276.0, 3276.0, 3276.0, 3276.0, 3276.0, 3276.0, 3276.0, 3276.0, 3276.0, 3276.0, 3276.0, 3276.0, 3276.0, 3276.0, 3276.0, 3410.0, 3410.0, 3410.0, 3410.0, 3410.0, 3410.0, 3410.0, 3410.0, 3410.0, 3410.0, 3410.0, 3410.0, 3410.0, 3410.0, 3410.0, 3424.0, 3424.0, 3424.0, 3424.0, 3661.0, 3661.0, 3661.0, 3661.0, 3661.0, 3742.0, 3742.0, 3742.0, 3742.0, 3742.0, 3742.0, 3742.0, 3742.0, 3742.0, 3742.0, 3742.0, 3742.0, 3742.0, 3742.0, 3742.0, 3742.0, 3742.0, 3742.0, 3742.0, 3742.0, 3742.0, 3742.0, 3742.0, 3742.0, 3742.0, 3742.0, 3919.0, 3919.0, 3919.0, 3919.0]
List of Best in Generation for Distance Score: [0, 371, 96, 732, 767, 359, 913, 280, 279, 1540, 415, 1107, 151, 5000, 5000, 5000, 5000, 5000, 5000, 5000, 5000, 5000, 5000, 5000, 5000, 5000, 5000, 5000, 5000, 5000, 5000, 5000, 5000, 5000, 5000, 5000, 5000, 5000, 5000, 5000, 5000, 5000, 5000, 5000, 5000, 5000, 5000, 5000, 5000, 5000, 5000, 5000, 2619, 5000, 5000, 5000, 5000, 5000, 5000, 5000, 5000, 5000, 5000, 5000, 154, 5000, 5000, 5000, 5000, 5000, 5000, 5000, 5000, 5000, 5000, 5000, 5000, 5000, 5000, 5000, 5000, 5000, 5000, 5000, 5000, 5000, 5000, 5000, 5000, 5000, 4262, 319, 5000, 5000, 5000, 5000, 5000, 5000, 5000, 5000]
List of Best in All Previous Generations for Distance Score: [0, 371, 371, 732, 767, 767, 913, 913, 913, 1540, 1540, 1540, 1540, 5000, 5000, 5000, 5000, 5000, 5000, 5000, 5000, 5000, 5000, 5000, 5000, 5000, 5000, 5000, 5000, 5000, 5000, 5000, 5000, 5000, 5000, 5000, 5000, 5000, 5000, 5000, 5000, 5000, 5000, 5000, 5000, 5000, 5000, 5000, 5000, 5000, 5000, 5000, 5000, 5000, 5000, 5000, 5000, 5000, 5000, 5000, 5000, 5000, 5000, 5000, 5000, 5000, 5000, 5000, 5000, 5000, 5000, 5000, 5000, 5000, 5000, 5000, 5000, 5000, 5000, 5000, 5000, 5000, 5000, 5000, 5000, 5000, 5000, 5000, 5000, 5000, 5000, 5000, 5000, 5000, 5000, 5000, 5000, 5000, 5000, 5000]
List of Best in Generation for Target Score: [0, 3.5, 4, 3.5, 8, 0, 0, 16, 12, 4, 0, 4, 0, 8, 0, 4, 8, 2.0, 0, 0, 4, 0, 3.0, 8, 0, 0, 0, 8, 0, 4, 0, 6.0, 4, 0, 12, 4, 8, 4, 8, 4, 4, 4, 8, 4, 4, 4, 0, 8, 0, 0, 8, 16, 4, 0, 4, 4, 0, 1.5, 0, 4, 0, 11.0, 8, 7.5, 0, 4, 12, 0, 0, 12, 17.5, 16.0, 8, 0, 4, 0, 4, 7.5, 0, 0, 4, 0, 3.5, 4, 2.5, 0, 4, 0, 4, 4, 0, 4, 4, 21.5, 4, 4, 4, 9.0, 4, 23.5]
List of Best in All Previous Generations for Target Score: [0, 3.5, 4, 4, 8, 8, 8, 16, 16, 16, 16, 16, 16, 16, 16, 16, 16, 16, 16, 16, 16, 16, 16, 16, 16, 16, 16, 16, 16, 16, 16, 16, 16, 16, 16, 16, 16, 16, 16, 16, 16, 16, 16, 16, 16, 16, 16, 16, 16, 16, 16, 16, 16, 16, 16, 16, 16, 16, 16, 16, 16, 16, 16, 16, 16, 16, 16, 16, 16, 16, 17.5, 17.5, 17.5, 17.5, 17.5, 17.5, 17.5, 17.5, 17.5, 17.5, 17.5, 17.5, 17.5, 17.5, 17.5, 17.5, 17.5, 17.5, 17.5, 17.5, 17.5, 17.5, 17.5, 21.5, 21.5, 21.5, 21.5, 21.5, 21.5, 23.5]
List of Scores for the Best Overall Plane in Each Generation: [[0, 0, 0], [196.0, 217, -2.5], [135, 96, 4], [236.0, 217, 1.5], [253.0, 269, -1.5], [206, 207, -0.5], [248.0, 559, -31.5], [310, 151, 15.5], [270, 151, 11.5], [269.0, 940, -67.5], [165, 166, -0.5], [190, 151, 3.5], [150, 151, -0.5], [2073.0, 4039, -197.0], [1773.0, 4589, -282.0], [2821.0, 4832, -201.5], [1355.0, 3781, -243.0], [1908.0, 4974, -307.0], [1498.0, 3034, -154.0], [2125.0, 4956, -283.5], [2136.0, 4937, -280.5], [3127.0, 4893, -177.0], [2557.0, 3888, -133.5], [2994.0, 4775, -178.5], [2179.0, 4780, -260.5], [1937.0, 3668, -173.5], [2821.0, 4937, -212.0], [2276.0, 4912, -264.0], [2041.0, 4917, -288.0], [2215.0, 4956, -274.5], [3276.0, 4752, -148.0], [2905.0, 4831, -193.0], [2919.0, 5000, -208.0], [304.0, 310, -0.5], [1430.0, 2461, -103.5], [2094.0, 5000, -290.5], [2239.0, 3110, -87.5], [1944.0, 4775, -283.5], [2914.0, 5000, -208.5], [2349.0, 5000, -265.0], [2506.0, 4997, -249.5], [2703.0, 4954, -225.5], [2744.0, 5000, -225.5], [1129.0, 2395, -126.5], [3082.0, 4958, -188.0], [685.0, 1261, -57.5], [3410.0, 4776, -137.0], [230, 151, 7.5], [422.0, 533, -11.5], [2601.0, 4992, -239.5], [2739.0, 5000, -226.0], [2761.0, 4337, -158.0], [1588.0, 2619, -103.0], [2599.0, 5000, -240.0], [1659.0, 4960, -330.5], [2159.0, 5000, -284.0], [2483.0, 4749, -227.0], [2822.0, 4848, -203.0], [2433.0, 4909, -248.0], [2554.0, 5000, -244.5], [2883.0, 4929, -205.0], [3424.0, 5000, -157.5], [1968.0, 4999, -303.5], [1946.0, 4252, -231.0], [150, 151, -0.5], [3661.0, 4742, -108.5], [3654.0, 5000, -134.5], [3074.0, 4990, -192.0], [1689.0, 4210, -252.5], [856.0, 4467, -361.5], [3742.0, 4823, -108.5], [3529.0, 4530, -100.5], [1833.0, 3289, -146.0], [3124.0, 5000, -187.5], [2981.0, 4342, -136.5], [2614.0, 4935, -232.5], [2529.0, 5000, -247.0], [3269.0, 5000, -173.0], [2291.0, 4762, -247.5], [1876.0, 4122, -225.0], [3234.0, 5000, -176.5], [1694.0, 5000, -330.5], [2711.0, 4472, -176.5], [1699.0, 4995, -330.0], [1979.0, 4405, -243.0], [1373.0, 4219, -285.0], [3373.0, 4949, -158.0], [3090.0, 4991, -190.5], [3294.0, 5000, -170.5], [1810.0, 4956, -315.0], [244, 245, 0], [192, 193, -0.5], [2234.0, 5000, -276.5], [2380.0, 4181, -180.5], [1630.0, 3421, -179.5], [2115.0, 4611, -250.0], [3919.0, 4905, -99.0], [2904.0, 5000, -209.5], [3219.0, 4735, -152.0], [1620.0, 1991, -37.5]]


--RUN 6--
Population Size: 30
Generations: 100
Maximum Total Score: 3919.0
Maximum Distance Score: 5000
Maximum Target Score: 23.5
Best Overall Total Score: 3919.0
Distance Score of Best Overall: 4905
Target Score of Best Overall: -99.0
Theoretical Maximum Score: 7140

PARAMETERS:
Random Seed: 80079
Mu: [3, 2, 2]   Mu Weights: [7, 14, 21, 45, 69, 93, 100]    Lambda: 23
Population Size: 30
Maximum Allowed Distance: 5000
Plane Y Speed: -3.5     Plane X Speed: 3
Multi-Objective Weight Function: distanceScore + (10 * targetScore)
Range of Horizontal Space between Adjacent Radar Pairs: 175 - 340
Range of Gap (Vertical Space) between Pair of Radars:  120 - 180
Minimum Length of Radar Beam: 80
Mutation Probability (Weighted for low maximum total scores): 0.015
Number of Columns: 75
Number of Levels Back: 250

LISTS:
List of Best in Generation for Total Score: [0, 196.0, 135, 236.0, 253.0, 206, 248.0, 310, 270, 269.0, 165, 190, 150, 2073.0, 1773.0, 2821.0, 1355.0, 1908.0, 1498.0, 2125.0, 2136.0, 3127.0, 2557.0, 2994.0, 2179.0, 1937.0, 2821.0, 2276.0, 2041.0, 2215.0, 3276.0, 2905.0, 2919.0, 304.0, 1430.0, 2094.0, 2239.0, 1944.0, 2914.0, 2349.0, 2506.0, 2703.0, 2744.0, 1129.0, 3082.0, 685.0, 3410.0, 230, 422.0, 2601.0, 2739.0, 2761.0, 1588.0, 2599.0, 1659.0, 2159.0, 2483.0, 2822.0, 2433.0, 2554.0, 2883.0, 3424.0, 1968.0, 1946.0, 150, 3661.0, 3654.0, 3074.0, 1689.0, 856.0, 3742.0, 3529.0, 1833.0, 3124.0, 2981.0, 2614.0, 2529.0, 3269.0, 2291.0, 1876.0, 3234.0, 1694.0, 2711.0, 1699.0, 1979.0, 1373.0, 3373.0, 3090.0, 3294.0, 1810.0, 244, 192, 2234.0, 2380.0, 1630.0, 2115.0, 3919.0, 2904.0, 3219.0, 1620.0]
List of Best in All Previous Generations for Total Score: [0, 196.0, 196.0, 236.0, 253.0, 253.0, 253.0, 310, 310, 310, 310, 310, 310, 2073.0, 2073.0, 2821.0, 2821.0, 2821.0, 2821.0, 2821.0, 2821.0, 3127.0, 3127.0, 3127.0, 3127.0, 3127.0, 3127.0, 3127.0, 3127.0, 3127.0, 3276.0, 3276.0, 3276.0, 3276.0, 3276.0, 3276.0, 3276.0, 3276.0, 3276.0, 3276.0, 3276.0, 3276.0, 3276.0, 3276.0, 3276.0, 3276.0, 3410.0, 3410.0, 3410.0, 3410.0, 3410.0, 3410.0, 3410.0, 3410.0, 3410.0, 3410.0, 3410.0, 3410.0, 3410.0, 3410.0, 3410.0, 3424.0, 3424.0, 3424.0, 3424.0, 3661.0, 3661.0, 3661.0, 3661.0, 3661.0, 3742.0, 3742.0, 3742.0, 3742.0, 3742.0, 3742.0, 3742.0, 3742.0, 3742.0, 3742.0, 3742.0, 3742.0, 3742.0, 3742.0, 3742.0, 3742.0, 3742.0, 3742.0, 3742.0, 3742.0, 3742.0, 3742.0, 3742.0, 3742.0, 3742.0, 3742.0, 3919.0, 3919.0, 3919.0, 3919.0]
List of Best in Generation for Distance Score: [0, 371, 96, 732, 767, 359, 913, 280, 279, 1540, 415, 1107, 151, 5000, 5000, 5000, 5000, 5000, 5000, 5000, 5000, 5000, 5000, 5000, 5000, 5000, 5000, 5000, 5000, 5000, 5000, 5000, 5000, 5000, 5000, 5000, 5000, 5000, 5000, 5000, 5000, 5000, 5000, 5000, 5000, 5000, 5000, 5000, 5000, 5000, 5000, 5000, 2619, 5000, 5000, 5000, 5000, 5000, 5000, 5000, 5000, 5000, 5000, 5000, 154, 5000, 5000, 5000, 5000, 5000, 5000, 5000, 5000, 5000, 5000, 5000, 5000, 5000, 5000, 5000, 5000, 5000, 5000, 5000, 5000, 5000, 5000, 5000, 5000, 5000, 4262, 319, 5000, 5000, 5000, 5000, 5000, 5000, 5000, 5000]
List of Best in All Previous Generations for Distance Score: [0, 371, 371, 732, 767, 767, 913, 913, 913, 1540, 1540, 1540, 1540, 5000, 5000, 5000, 5000, 5000, 5000, 5000, 5000, 5000, 5000, 5000, 5000, 5000, 5000, 5000, 5000, 5000, 5000, 5000, 5000, 5000, 5000, 5000, 5000, 5000, 5000, 5000, 5000, 5000, 5000, 5000, 5000, 5000, 5000, 5000, 5000, 5000, 5000, 5000, 5000, 5000, 5000, 5000, 5000, 5000, 5000, 5000, 5000, 5000, 5000, 5000, 5000, 5000, 5000, 5000, 5000, 5000, 5000, 5000, 5000, 5000, 5000, 5000, 5000, 5000, 5000, 5000, 5000, 5000, 5000, 5000, 5000, 5000, 5000, 5000, 5000, 5000, 5000, 5000, 5000, 5000, 5000, 5000, 5000, 5000, 5000, 5000]
List of Best in Generation for Target Score: [0, 3.5, 4, 3.5, 8, 0, 0, 16, 12, 4, 0, 4, 0, 8, 0, 4, 8, 2.0, 0, 0, 4, 0, 3.0, 8, 0, 0, 0, 8, 0, 4, 0, 6.0, 4, 0, 12, 4, 8, 4, 8, 4, 4, 4, 8, 4, 4, 4, 0, 8, 0, 0, 8, 16, 4, 0, 4, 4, 0, 1.5, 0, 4, 0, 11.0, 8, 7.5, 0, 4, 12, 0, 0, 12, 17.5, 16.0, 8, 0, 4, 0, 4, 7.5, 0, 0, 4, 0, 3.5, 4, 2.5, 0, 4, 0, 4, 4, 0, 4, 4, 21.5, 4, 4, 4, 9.0, 4, 23.5]
List of Best in All Previous Generations for Target Score: [0, 3.5, 4, 4, 8, 8, 8, 16, 16, 16, 16, 16, 16, 16, 16, 16, 16, 16, 16, 16, 16, 16, 16, 16, 16, 16, 16, 16, 16, 16, 16, 16, 16, 16, 16, 16, 16, 16, 16, 16, 16, 16, 16, 16, 16, 16, 16, 16, 16, 16, 16, 16, 16, 16, 16, 16, 16, 16, 16, 16, 16, 16, 16, 16, 16, 16, 16, 16, 16, 16, 17.5, 17.5, 17.5, 17.5, 17.5, 17.5, 17.5, 17.5, 17.5, 17.5, 17.5, 17.5, 17.5, 17.5, 17.5, 17.5, 17.5, 17.5, 17.5, 17.5, 17.5, 17.5, 17.5, 21.5, 21.5, 21.5, 21.5, 21.5, 21.5, 23.5]
List of Scores for the Best Overall Plane in Each Generation: [[0, 0, 0], [196.0, 217, -2.5], [135, 96, 4], [236.0, 217, 1.5], [253.0, 269, -1.5], [206, 207, -0.5], [248.0, 559, -31.5], [310, 151, 15.5], [270, 151, 11.5], [269.0, 940, -67.5], [165, 166, -0.5], [190, 151, 3.5], [150, 151, -0.5], [2073.0, 4039, -197.0], [1773.0, 4589, -282.0], [2821.0, 4832, -201.5], [1355.0, 3781, -243.0], [1908.0, 4974, -307.0], [1498.0, 3034, -154.0], [2125.0, 4956, -283.5], [2136.0, 4937, -280.5], [3127.0, 4893, -177.0], [2557.0, 3888, -133.5], [2994.0, 4775, -178.5], [2179.0, 4780, -260.5], [1937.0, 3668, -173.5], [2821.0, 4937, -212.0], [2276.0, 4912, -264.0], [2041.0, 4917, -288.0], [2215.0, 4956, -274.5], [3276.0, 4752, -148.0], [2905.0, 4831, -193.0], [2919.0, 5000, -208.0], [304.0, 310, -0.5], [1430.0, 2461, -103.5], [2094.0, 5000, -290.5], [2239.0, 3110, -87.5], [1944.0, 4775, -283.5], [2914.0, 5000, -208.5], [2349.0, 5000, -265.0], [2506.0, 4997, -249.5], [2703.0, 4954, -225.5], [2744.0, 5000, -225.5], [1129.0, 2395, -126.5], [3082.0, 4958, -188.0], [685.0, 1261, -57.5], [3410.0, 4776, -137.0], [230, 151, 7.5], [422.0, 533, -11.5], [2601.0, 4992, -239.5], [2739.0, 5000, -226.0], [2761.0, 4337, -158.0], [1588.0, 2619, -103.0], [2599.0, 5000, -240.0], [1659.0, 4960, -330.5], [2159.0, 5000, -284.0], [2483.0, 4749, -227.0], [2822.0, 4848, -203.0], [2433.0, 4909, -248.0], [2554.0, 5000, -244.5], [2883.0, 4929, -205.0], [3424.0, 5000, -157.5], [1968.0, 4999, -303.5], [1946.0, 4252, -231.0], [150, 151, -0.5], [3661.0, 4742, -108.5], [3654.0, 5000, -134.5], [3074.0, 4990, -192.0], [1689.0, 4210, -252.5], [856.0, 4467, -361.5], [3742.0, 4823, -108.5], [3529.0, 4530, -100.5], [1833.0, 3289, -146.0], [3124.0, 5000, -187.5], [2981.0, 4342, -136.5], [2614.0, 4935, -232.5], [2529.0, 5000, -247.0], [3269.0, 5000, -173.0], [2291.0, 4762, -247.5], [1876.0, 4122, -225.0], [3234.0, 5000, -176.5], [1694.0, 5000, -330.5], [2711.0, 4472, -176.5], [1699.0, 4995, -330.0], [1979.0, 4405, -243.0], [1373.0, 4219, -285.0], [3373.0, 4949, -158.0], [3090.0, 4991, -190.5], [3294.0, 5000, -170.5], [1810.0, 4956, -315.0], [244, 245, 0], [192, 193, -0.5], [2234.0, 5000, -276.5], [2380.0, 4181, -180.5], [1630.0, 3421, -179.5], [2115.0, 4611, -250.0], [3919.0, 4905, -99.0], [2904.0, 5000, -209.5], [3219.0, 4735, -152.0], [1620.0, 1991, -37.5]]


--RUN 9--
Population Size: 30
Generations: 100
Maximum Total Score: 3919.0
Maximum Distance Score: 5000
Maximum Target Score: 23.5
Best Overall Total Score: 3919.0
Distance Score of Best Overall: 4905
Target Score of Best Overall: -99.0
Theoretical Maximum Score: 7140

PARAMETERS:
Random Seed: 80079
Mu: [3, 2, 2]   Mu Weights: [7, 14, 21, 45, 69, 93, 100]    Lambda: 23
Population Size: 30
Maximum Allowed Distance: 5000
Plane Y Speed: -3.5     Plane X Speed: 3
Multi-Objective Weight Function: distanceScore + (10 * targetScore)
Range of Horizontal Space between Adjacent Radar Pairs: 175 - 340
Range of Gap (Vertical Space) between Pair of Radars:  120 - 180
Minimum Length of Radar Beam: 80
Mutation Probability (Weighted for low maximum total scores): 0.015
Number of Columns: 125
Number of Levels Back: 250

LISTS:
List of Best in Generation for Total Score: [0, 196.0, 135, 236.0, 253.0, 206, 248.0, 310, 270, 269.0, 165, 190, 150, 2073.0, 1773.0, 2821.0, 1355.0, 1908.0, 1498.0, 2125.0, 2136.0, 3127.0, 2557.0, 2994.0, 2179.0, 1937.0, 2821.0, 2276.0, 2041.0, 2215.0, 3276.0, 2905.0, 2919.0, 304.0, 1430.0, 2094.0, 2239.0, 1944.0, 2914.0, 2349.0, 2506.0, 2703.0, 2744.0, 1129.0, 3082.0, 685.0, 3410.0, 230, 422.0, 2601.0, 2739.0, 2761.0, 1588.0, 2599.0, 1659.0, 2159.0, 2483.0, 2822.0, 2433.0, 2554.0, 2883.0, 3424.0, 1968.0, 1946.0, 150, 3661.0, 3654.0, 3074.0, 1689.0, 856.0, 3742.0, 3529.0, 1833.0, 3124.0, 2981.0, 2614.0, 2529.0, 3269.0, 2291.0, 1876.0, 3234.0, 1694.0, 2711.0, 1699.0, 1979.0, 1373.0, 3373.0, 3090.0, 3294.0, 1810.0, 244, 192, 2234.0, 2380.0, 1630.0, 2115.0, 3919.0, 2904.0, 3219.0, 1620.0]
List of Best in All Previous Generations for Total Score: [0, 196.0, 196.0, 236.0, 253.0, 253.0, 253.0, 310, 310, 310, 310, 310, 310, 2073.0, 2073.0, 2821.0, 2821.0, 2821.0, 2821.0, 2821.0, 2821.0, 3127.0, 3127.0, 3127.0, 3127.0, 3127.0, 3127.0, 3127.0, 3127.0, 3127.0, 3276.0, 3276.0, 3276.0, 3276.0, 3276.0, 3276.0, 3276.0, 3276.0, 3276.0, 3276.0, 3276.0, 3276.0, 3276.0, 3276.0, 3276.0, 3276.0, 3410.0, 3410.0, 3410.0, 3410.0, 3410.0, 3410.0, 3410.0, 3410.0, 3410.0, 3410.0, 3410.0, 3410.0, 3410.0, 3410.0, 3410.0, 3424.0, 3424.0, 3424.0, 3424.0, 3661.0, 3661.0, 3661.0, 3661.0, 3661.0, 3742.0, 3742.0, 3742.0, 3742.0, 3742.0, 3742.0, 3742.0, 3742.0, 3742.0, 3742.0, 3742.0, 3742.0, 3742.0, 3742.0, 3742.0, 3742.0, 3742.0, 3742.0, 3742.0, 3742.0, 3742.0, 3742.0, 3742.0, 3742.0, 3742.0, 3742.0, 3919.0, 3919.0, 3919.0, 3919.0]
List of Best in Generation for Distance Score: [0, 371, 96, 732, 767, 359, 913, 280, 279, 1540, 415, 1107, 151, 5000, 5000, 5000, 5000, 5000, 5000, 5000, 5000, 5000, 5000, 5000, 5000, 5000, 5000, 5000, 5000, 5000, 5000, 5000, 5000, 5000, 5000, 5000, 5000, 5000, 5000, 5000, 5000, 5000, 5000, 5000, 5000, 5000, 5000, 5000, 5000, 5000, 5000, 5000, 2619, 5000, 5000, 5000, 5000, 5000, 5000, 5000, 5000, 5000, 5000, 5000, 154, 5000, 5000, 5000, 5000, 5000, 5000, 5000, 5000, 5000, 5000, 5000, 5000, 5000, 5000, 5000, 5000, 5000, 5000, 5000, 5000, 5000, 5000, 5000, 5000, 5000, 4262, 319, 5000, 5000, 5000, 5000, 5000, 5000, 5000, 5000]
List of Best in All Previous Generations for Distance Score: [0, 371, 371, 732, 767, 767, 913, 913, 913, 1540, 1540, 1540, 1540, 5000, 5000, 5000, 5000, 5000, 5000, 5000, 5000, 5000, 5000, 5000, 5000, 5000, 5000, 5000, 5000, 5000, 5000, 5000, 5000, 5000, 5000, 5000, 5000, 5000, 5000, 5000, 5000, 5000, 5000, 5000, 5000, 5000, 5000, 5000, 5000, 5000, 5000, 5000, 5000, 5000, 5000, 5000, 5000, 5000, 5000, 5000, 5000, 5000, 5000, 5000, 5000, 5000, 5000, 5000, 5000, 5000, 5000, 5000, 5000, 5000, 5000, 5000, 5000, 5000, 5000, 5000, 5000, 5000, 5000, 5000, 5000, 5000, 5000, 5000, 5000, 5000, 5000, 5000, 5000, 5000, 5000, 5000, 5000, 5000, 5000, 5000]
List of Best in Generation for Target Score: [0, 3.5, 4, 3.5, 8, 0, 0, 16, 12, 4, 0, 4, 0, 8, 0, 4, 8, 2.0, 0, 0, 4, 0, 3.0, 8, 0, 0, 0, 8, 0, 4, 0, 6.0, 4, 0, 12, 4, 8, 4, 8, 4, 4, 4, 8, 4, 4, 4, 0, 8, 0, 0, 8, 16, 4, 0, 4, 4, 0, 1.5, 0, 4, 0, 11.0, 8, 7.5, 0, 4, 12, 0, 0, 12, 17.5, 16.0, 8, 0, 4, 0, 4, 7.5, 0, 0, 4, 0, 3.5, 4, 2.5, 0, 4, 0, 4, 4, 0, 4, 4, 21.5, 4, 4, 4, 9.0, 4, 23.5]
List of Best in All Previous Generations for Target Score: [0, 3.5, 4, 4, 8, 8, 8, 16, 16, 16, 16, 16, 16, 16, 16, 16, 16, 16, 16, 16, 16, 16, 16, 16, 16, 16, 16, 16, 16, 16, 16, 16, 16, 16, 16, 16, 16, 16, 16, 16, 16, 16, 16, 16, 16, 16, 16, 16, 16, 16, 16, 16, 16, 16, 16, 16, 16, 16, 16, 16, 16, 16, 16, 16, 16, 16, 16, 16, 16, 16, 17.5, 17.5, 17.5, 17.5, 17.5, 17.5, 17.5, 17.5, 17.5, 17.5, 17.5, 17.5, 17.5, 17.5, 17.5, 17.5, 17.5, 17.5, 17.5, 17.5, 17.5, 17.5, 17.5, 21.5, 21.5, 21.5, 21.5, 21.5, 21.5, 23.5]
List of Scores for the Best Overall Plane in Each Generation: [[0, 0, 0], [196.0, 217, -2.5], [135, 96, 4], [236.0, 217, 1.5], [253.0, 269, -1.5], [206, 207, -0.5], [248.0, 559, -31.5], [310, 151, 15.5], [270, 151, 11.5], [269.0, 940, -67.5], [165, 166, -0.5], [190, 151, 3.5], [150, 151, -0.5], [2073.0, 4039, -197.0], [1773.0, 4589, -282.0], [2821.0, 4832, -201.5], [1355.0, 3781, -243.0], [1908.0, 4974, -307.0], [1498.0, 3034, -154.0], [2125.0, 4956, -283.5], [2136.0, 4937, -280.5], [3127.0, 4893, -177.0], [2557.0, 3888, -133.5], [2994.0, 4775, -178.5], [2179.0, 4780, -260.5], [1937.0, 3668, -173.5], [2821.0, 4937, -212.0], [2276.0, 4912, -264.0], [2041.0, 4917, -288.0], [2215.0, 4956, -274.5], [3276.0, 4752, -148.0], [2905.0, 4831, -193.0], [2919.0, 5000, -208.0], [304.0, 310, -0.5], [1430.0, 2461, -103.5], [2094.0, 5000, -290.5], [2239.0, 3110, -87.5], [1944.0, 4775, -283.5], [2914.0, 5000, -208.5], [2349.0, 5000, -265.0], [2506.0, 4997, -249.5], [2703.0, 4954, -225.5], [2744.0, 5000, -225.5], [1129.0, 2395, -126.5], [3082.0, 4958, -188.0], [685.0, 1261, -57.5], [3410.0, 4776, -137.0], [230, 151, 7.5], [422.0, 533, -11.5], [2601.0, 4992, -239.5], [2739.0, 5000, -226.0], [2761.0, 4337, -158.0], [1588.0, 2619, -103.0], [2599.0, 5000, -240.0], [1659.0, 4960, -330.5], [2159.0, 5000, -284.0], [2483.0, 4749, -227.0], [2822.0, 4848, -203.0], [2433.0, 4909, -248.0], [2554.0, 5000, -244.5], [2883.0, 4929, -205.0], [3424.0, 5000, -157.5], [1968.0, 4999, -303.5], [1946.0, 4252, -231.0], [150, 151, -0.5], [3661.0, 4742, -108.5], [3654.0, 5000, -134.5], [3074.0, 4990, -192.0], [1689.0, 4210, -252.5], [856.0, 4467, -361.5], [3742.0, 4823, -108.5], [3529.0, 4530, -100.5], [1833.0, 3289, -146.0], [3124.0, 5000, -187.5], [2981.0, 4342, -136.5], [2614.0, 4935, -232.5], [2529.0, 5000, -247.0], [3269.0, 5000, -173.0], [2291.0, 4762, -247.5], [1876.0, 4122, -225.0], [3234.0, 5000, -176.5], [1694.0, 5000, -330.5], [2711.0, 4472, -176.5], [1699.0, 4995, -330.0], [1979.0, 4405, -243.0], [1373.0, 4219, -285.0], [3373.0, 4949, -158.0], [3090.0, 4991, -190.5], [3294.0, 5000, -170.5], [1810.0, 4956, -315.0], [244, 245, 0], [192, 193, -0.5], [2234.0, 5000, -276.5], [2380.0, 4181, -180.5], [1630.0, 3421, -179.5], [2115.0, 4611, -250.0], [3919.0, 4905, -99.0], [2904.0, 5000, -209.5], [3219.0, 4735, -152.0], [1620.0, 1991, -37.5]]


--RUN 12--
Population Size: 30
Generations: 100
Maximum Total Score: 3919.0
Maximum Distance Score: 5000
Maximum Target Score: 23.5
Best Overall Total Score: 3919.0
Distance Score of Best Overall: 4905
Target Score of Best Overall: -99.0
Theoretical Maximum Score: 7140

PARAMETERS:
Random Seed: 80079
Mu: [3, 2, 2]   Mu Weights: [7, 14, 21, 45, 69, 93, 100]    Lambda: 23
Population Size: 30
Maximum Allowed Distance: 5000
Plane Y Speed: -3.5     Plane X Speed: 3
Multi-Objective Weight Function: distanceScore + (10 * targetScore)
Range of Horizontal Space between Adjacent Radar Pairs: 175 - 340
Range of Gap (Vertical Space) between Pair of Radars:  120 - 180
Minimum Length of Radar Beam: 80
Mutation Probability (Weighted for low maximum total scores): 0.015
Number of Columns: 175
Number of Levels Back: 250

LISTS:
List of Best in Generation for Total Score: [0, 196.0, 135, 236.0, 253.0, 206, 248.0, 310, 270, 269.0, 165, 190, 150, 2073.0, 1773.0, 2821.0, 1355.0, 1908.0, 1498.0, 2125.0, 2136.0, 3127.0, 2557.0, 2994.0, 2179.0, 1937.0, 2821.0, 2276.0, 2041.0, 2215.0, 3276.0, 2905.0, 2919.0, 304.0, 1430.0, 2094.0, 2239.0, 1944.0, 2914.0, 2349.0, 2506.0, 2703.0, 2744.0, 1129.0, 3082.0, 685.0, 3410.0, 230, 422.0, 2601.0, 2739.0, 2761.0, 1588.0, 2599.0, 1659.0, 2159.0, 2483.0, 2822.0, 2433.0, 2554.0, 2883.0, 3424.0, 1968.0, 1946.0, 150, 3661.0, 3654.0, 3074.0, 1689.0, 856.0, 3742.0, 3529.0, 1833.0, 3124.0, 2981.0, 2614.0, 2529.0, 3269.0, 2291.0, 1876.0, 3234.0, 1694.0, 2711.0, 1699.0, 1979.0, 1373.0, 3373.0, 3090.0, 3294.0, 1810.0, 244, 192, 2234.0, 2380.0, 1630.0, 2115.0, 3919.0, 2904.0, 3219.0, 1620.0]
List of Best in All Previous Generations for Total Score: [0, 196.0, 196.0, 236.0, 253.0, 253.0, 253.0, 310, 310, 310, 310, 310, 310, 2073.0, 2073.0, 2821.0, 2821.0, 2821.0, 2821.0, 2821.0, 2821.0, 3127.0, 3127.0, 3127.0, 3127.0, 3127.0, 3127.0, 3127.0, 3127.0, 3127.0, 3276.0, 3276.0, 3276.0, 3276.0, 3276.0, 3276.0, 3276.0, 3276.0, 3276.0, 3276.0, 3276.0, 3276.0, 3276.0, 3276.0, 3276.0, 3276.0, 3410.0, 3410.0, 3410.0, 3410.0, 3410.0, 3410.0, 3410.0, 3410.0, 3410.0, 3410.0, 3410.0, 3410.0, 3410.0, 3410.0, 3410.0, 3424.0, 3424.0, 3424.0, 3424.0, 3661.0, 3661.0, 3661.0, 3661.0, 3661.0, 3742.0, 3742.0, 3742.0, 3742.0, 3742.0, 3742.0, 3742.0, 3742.0, 3742.0, 3742.0, 3742.0, 3742.0, 3742.0, 3742.0, 3742.0, 3742.0, 3742.0, 3742.0, 3742.0, 3742.0, 3742.0, 3742.0, 3742.0, 3742.0, 3742.0, 3742.0, 3919.0, 3919.0, 3919.0, 3919.0]
List of Best in Generation for Distance Score: [0, 371, 96, 732, 767, 359, 913, 280, 279, 1540, 415, 1107, 151, 5000, 5000, 5000, 5000, 5000, 5000, 5000, 5000, 5000, 5000, 5000, 5000, 5000, 5000, 5000, 5000, 5000, 5000, 5000, 5000, 5000, 5000, 5000, 5000, 5000, 5000, 5000, 5000, 5000, 5000, 5000, 5000, 5000, 5000, 5000, 5000, 5000, 5000, 5000, 2619, 5000, 5000, 5000, 5000, 5000, 5000, 5000, 5000, 5000, 5000, 5000, 154, 5000, 5000, 5000, 5000, 5000, 5000, 5000, 5000, 5000, 5000, 5000, 5000, 5000, 5000, 5000, 5000, 5000, 5000, 5000, 5000, 5000, 5000, 5000, 5000, 5000, 4262, 319, 5000, 5000, 5000, 5000, 5000, 5000, 5000, 5000]
List of Best in All Previous Generations for Distance Score: [0, 371, 371, 732, 767, 767, 913, 913, 913, 1540, 1540, 1540, 1540, 5000, 5000, 5000, 5000, 5000, 5000, 5000, 5000, 5000, 5000, 5000, 5000, 5000, 5000, 5000, 5000, 5000, 5000, 5000, 5000, 5000, 5000, 5000, 5000, 5000, 5000, 5000, 5000, 5000, 5000, 5000, 5000, 5000, 5000, 5000, 5000, 5000, 5000, 5000, 5000, 5000, 5000, 5000, 5000, 5000, 5000, 5000, 5000, 5000, 5000, 5000, 5000, 5000, 5000, 5000, 5000, 5000, 5000, 5000, 5000, 5000, 5000, 5000, 5000, 5000, 5000, 5000, 5000, 5000, 5000, 5000, 5000, 5000, 5000, 5000, 5000, 5000, 5000, 5000, 5000, 5000, 5000, 5000, 5000, 5000, 5000, 5000]
List of Best in Generation for Target Score: [0, 3.5, 4, 3.5, 8, 0, 0, 16, 12, 4, 0, 4, 0, 8, 0, 4, 8, 2.0, 0, 0, 4, 0, 3.0, 8, 0, 0, 0, 8, 0, 4, 0, 6.0, 4, 0, 12, 4, 8, 4, 8, 4, 4, 4, 8, 4, 4, 4, 0, 8, 0, 0, 8, 16, 4, 0, 4, 4, 0, 1.5, 0, 4, 0, 11.0, 8, 7.5, 0, 4, 12, 0, 0, 12, 17.5, 16.0, 8, 0, 4, 0, 4, 7.5, 0, 0, 4, 0, 3.5, 4, 2.5, 0, 4, 0, 4, 4, 0, 4, 4, 21.5, 4, 4, 4, 9.0, 4, 23.5]
List of Best in All Previous Generations for Target Score: [0, 3.5, 4, 4, 8, 8, 8, 16, 16, 16, 16, 16, 16, 16, 16, 16, 16, 16, 16, 16, 16, 16, 16, 16, 16, 16, 16, 16, 16, 16, 16, 16, 16, 16, 16, 16, 16, 16, 16, 16, 16, 16, 16, 16, 16, 16, 16, 16, 16, 16, 16, 16, 16, 16, 16, 16, 16, 16, 16, 16, 16, 16, 16, 16, 16, 16, 16, 16, 16, 16, 17.5, 17.5, 17.5, 17.5, 17.5, 17.5, 17.5, 17.5, 17.5, 17.5, 17.5, 17.5, 17.5, 17.5, 17.5, 17.5, 17.5, 17.5, 17.5, 17.5, 17.5, 17.5, 17.5, 21.5, 21.5, 21.5, 21.5, 21.5, 21.5, 23.5]
List of Scores for the Best Overall Plane in Each Generation: [[0, 0, 0], [196.0, 217, -2.5], [135, 96, 4], [236.0, 217, 1.5], [253.0, 269, -1.5], [206, 207, -0.5], [248.0, 559, -31.5], [310, 151, 15.5], [270, 151, 11.5], [269.0, 940, -67.5], [165, 166, -0.5], [190, 151, 3.5], [150, 151, -0.5], [2073.0, 4039, -197.0], [1773.0, 4589, -282.0], [2821.0, 4832, -201.5], [1355.0, 3781, -243.0], [1908.0, 4974, -307.0], [1498.0, 3034, -154.0], [2125.0, 4956, -283.5], [2136.0, 4937, -280.5], [3127.0, 4893, -177.0], [2557.0, 3888, -133.5], [2994.0, 4775, -178.5], [2179.0, 4780, -260.5], [1937.0, 3668, -173.5], [2821.0, 4937, -212.0], [2276.0, 4912, -264.0], [2041.0, 4917, -288.0], [2215.0, 4956, -274.5], [3276.0, 4752, -148.0], [2905.0, 4831, -193.0], [2919.0, 5000, -208.0], [304.0, 310, -0.5], [1430.0, 2461, -103.5], [2094.0, 5000, -290.5], [2239.0, 3110, -87.5], [1944.0, 4775, -283.5], [2914.0, 5000, -208.5], [2349.0, 5000, -265.0], [2506.0, 4997, -249.5], [2703.0, 4954, -225.5], [2744.0, 5000, -225.5], [1129.0, 2395, -126.5], [3082.0, 4958, -188.0], [685.0, 1261, -57.5], [3410.0, 4776, -137.0], [230, 151, 7.5], [422.0, 533, -11.5], [2601.0, 4992, -239.5], [2739.0, 5000, -226.0], [2761.0, 4337, -158.0], [1588.0, 2619, -103.0], [2599.0, 5000, -240.0], [1659.0, 4960, -330.5], [2159.0, 5000, -284.0], [2483.0, 4749, -227.0], [2822.0, 4848, -203.0], [2433.0, 4909, -248.0], [2554.0, 5000, -244.5], [2883.0, 4929, -205.0], [3424.0, 5000, -157.5], [1968.0, 4999, -303.5], [1946.0, 4252, -231.0], [150, 151, -0.5], [3661.0, 4742, -108.5], [3654.0, 5000, -134.5], [3074.0, 4990, -192.0], [1689.0, 4210, -252.5], [856.0, 4467, -361.5], [3742.0, 4823, -108.5], [3529.0, 4530, -100.5], [1833.0, 3289, -146.0], [3124.0, 5000, -187.5], [2981.0, 4342, -136.5], [2614.0, 4935, -232.5], [2529.0, 5000, -247.0], [3269.0, 5000, -173.0], [2291.0, 4762, -247.5], [1876.0, 4122, -225.0], [3234.0, 5000, -176.5], [1694.0, 5000, -330.5], [2711.0, 4472, -176.5], [1699.0, 4995, -330.0], [1979.0, 4405, -243.0], [1373.0, 4219, -285.0], [3373.0, 4949, -158.0], [3090.0, 4991, -190.5], [3294.0, 5000, -170.5], [1810.0, 4956, -315.0], [244, 245, 0], [192, 193, -0.5], [2234.0, 5000, -276.5], [2380.0, 4181, -180.5], [1630.0, 3421, -179.5], [2115.0, 4611, -250.0], [3919.0, 4905, -99.0], [2904.0, 5000, -209.5], [3219.0, 4735, -152.0], [1620.0, 1991, -37.5]]


--RUN 15--
Population Size: 30
Generations: 100
Maximum Total Score: 3919.0
Maximum Distance Score: 5000
Maximum Target Score: 23.5
Best Overall Total Score: 3919.0
Distance Score of Best Overall: 4905
Target Score of Best Overall: -99.0
Theoretical Maximum Score: 7140

PARAMETERS:
Random Seed: 80079
Mu: [3, 2, 2]   Mu Weights: [7, 14, 21, 45, 69, 93, 100]    Lambda: 23
Population Size: 30
Maximum Allowed Distance: 5000
Plane Y Speed: -3.5     Plane X Speed: 3
Multi-Objective Weight Function: distanceScore + (10 * targetScore)
Range of Horizontal Space between Adjacent Radar Pairs: 175 - 340
Range of Gap (Vertical Space) between Pair of Radars:  120 - 180
Minimum Length of Radar Beam: 80
Mutation Probability (Weighted for low maximum total scores): 0.015
Number of Columns: 225
Number of Levels Back: 250

LISTS:
List of Best in Generation for Total Score: [0, 196.0, 135, 236.0, 253.0, 206, 248.0, 310, 270, 269.0, 165, 190, 150, 2073.0, 1773.0, 2821.0, 1355.0, 1908.0, 1498.0, 2125.0, 2136.0, 3127.0, 2557.0, 2994.0, 2179.0, 1937.0, 2821.0, 2276.0, 2041.0, 2215.0, 3276.0, 2905.0, 2919.0, 304.0, 1430.0, 2094.0, 2239.0, 1944.0, 2914.0, 2349.0, 2506.0, 2703.0, 2744.0, 1129.0, 3082.0, 685.0, 3410.0, 230, 422.0, 2601.0, 2739.0, 2761.0, 1588.0, 2599.0, 1659.0, 2159.0, 2483.0, 2822.0, 2433.0, 2554.0, 2883.0, 3424.0, 1968.0, 1946.0, 150, 3661.0, 3654.0, 3074.0, 1689.0, 856.0, 3742.0, 3529.0, 1833.0, 3124.0, 2981.0, 2614.0, 2529.0, 3269.0, 2291.0, 1876.0, 3234.0, 1694.0, 2711.0, 1699.0, 1979.0, 1373.0, 3373.0, 3090.0, 3294.0, 1810.0, 244, 192, 2234.0, 2380.0, 1630.0, 2115.0, 3919.0, 2904.0, 3219.0, 1620.0]
List of Best in All Previous Generations for Total Score: [0, 196.0, 196.0, 236.0, 253.0, 253.0, 253.0, 310, 310, 310, 310, 310, 310, 2073.0, 2073.0, 2821.0, 2821.0, 2821.0, 2821.0, 2821.0, 2821.0, 3127.0, 3127.0, 3127.0, 3127.0, 3127.0, 3127.0, 3127.0, 3127.0, 3127.0, 3276.0, 3276.0, 3276.0, 3276.0, 3276.0, 3276.0, 3276.0, 3276.0, 3276.0, 3276.0, 3276.0, 3276.0, 3276.0, 3276.0, 3276.0, 3276.0, 3410.0, 3410.0, 3410.0, 3410.0, 3410.0, 3410.0, 3410.0, 3410.0, 3410.0, 3410.0, 3410.0, 3410.0, 3410.0, 3410.0, 3410.0, 3424.0, 3424.0, 3424.0, 3424.0, 3661.0, 3661.0, 3661.0, 3661.0, 3661.0, 3742.0, 3742.0, 3742.0, 3742.0, 3742.0, 3742.0, 3742.0, 3742.0, 3742.0, 3742.0, 3742.0, 3742.0, 3742.0, 3742.0, 3742.0, 3742.0, 3742.0, 3742.0, 3742.0, 3742.0, 3742.0, 3742.0, 3742.0, 3742.0, 3742.0, 3742.0, 3919.0, 3919.0, 3919.0, 3919.0]
List of Best in Generation for Distance Score: [0, 371, 96, 732, 767, 359, 913, 280, 279, 1540, 415, 1107, 151, 5000, 5000, 5000, 5000, 5000, 5000, 5000, 5000, 5000, 5000, 5000, 5000, 5000, 5000, 5000, 5000, 5000, 5000, 5000, 5000, 5000, 5000, 5000, 5000, 5000, 5000, 5000, 5000, 5000, 5000, 5000, 5000, 5000, 5000, 5000, 5000, 5000, 5000, 5000, 2619, 5000, 5000, 5000, 5000, 5000, 5000, 5000, 5000, 5000, 5000, 5000, 154, 5000, 5000, 5000, 5000, 5000, 5000, 5000, 5000, 5000, 5000, 5000, 5000, 5000, 5000, 5000, 5000, 5000, 5000, 5000, 5000, 5000, 5000, 5000, 5000, 5000, 4262, 319, 5000, 5000, 5000, 5000, 5000, 5000, 5000, 5000]
List of Best in All Previous Generations for Distance Score: [0, 371, 371, 732, 767, 767, 913, 913, 913, 1540, 1540, 1540, 1540, 5000, 5000, 5000, 5000, 5000, 5000, 5000, 5000, 5000, 5000, 5000, 5000, 5000, 5000, 5000, 5000, 5000, 5000, 5000, 5000, 5000, 5000, 5000, 5000, 5000, 5000, 5000, 5000, 5000, 5000, 5000, 5000, 5000, 5000, 5000, 5000, 5000, 5000, 5000, 5000, 5000, 5000, 5000, 5000, 5000, 5000, 5000, 5000, 5000, 5000, 5000, 5000, 5000, 5000, 5000, 5000, 5000, 5000, 5000, 5000, 5000, 5000, 5000, 5000, 5000, 5000, 5000, 5000, 5000, 5000, 5000, 5000, 5000, 5000, 5000, 5000, 5000, 5000, 5000, 5000, 5000, 5000, 5000, 5000, 5000, 5000, 5000]
List of Best in Generation for Target Score: [0, 3.5, 4, 3.5, 8, 0, 0, 16, 12, 4, 0, 4, 0, 8, 0, 4, 8, 2.0, 0, 0, 4, 0, 3.0, 8, 0, 0, 0, 8, 0, 4, 0, 6.0, 4, 0, 12, 4, 8, 4, 8, 4, 4, 4, 8, 4, 4, 4, 0, 8, 0, 0, 8, 16, 4, 0, 4, 4, 0, 1.5, 0, 4, 0, 11.0, 8, 7.5, 0, 4, 12, 0, 0, 12, 17.5, 16.0, 8, 0, 4, 0, 4, 7.5, 0, 0, 4, 0, 3.5, 4, 2.5, 0, 4, 0, 4, 4, 0, 4, 4, 21.5, 4, 4, 4, 9.0, 4, 23.5]
List of Best in All Previous Generations for Target Score: [0, 3.5, 4, 4, 8, 8, 8, 16, 16, 16, 16, 16, 16, 16, 16, 16, 16, 16, 16, 16, 16, 16, 16, 16, 16, 16, 16, 16, 16, 16, 16, 16, 16, 16, 16, 16, 16, 16, 16, 16, 16, 16, 16, 16, 16, 16, 16, 16, 16, 16, 16, 16, 16, 16, 16, 16, 16, 16, 16, 16, 16, 16, 16, 16, 16, 16, 16, 16, 16, 16, 17.5, 17.5, 17.5, 17.5, 17.5, 17.5, 17.5, 17.5, 17.5, 17.5, 17.5, 17.5, 17.5, 17.5, 17.5, 17.5, 17.5, 17.5, 17.5, 17.5, 17.5, 17.5, 17.5, 21.5, 21.5, 21.5, 21.5, 21.5, 21.5, 23.5]
List of Scores for the Best Overall Plane in Each Generation: [[0, 0, 0], [196.0, 217, -2.5], [135, 96, 4], [236.0, 217, 1.5], [253.0, 269, -1.5], [206, 207, -0.5], [248.0, 559, -31.5], [310, 151, 15.5], [270, 151, 11.5], [269.0, 940, -67.5], [165, 166, -0.5], [190, 151, 3.5], [150, 151, -0.5], [2073.0, 4039, -197.0], [1773.0, 4589, -282.0], [2821.0, 4832, -201.5], [1355.0, 3781, -243.0], [1908.0, 4974, -307.0], [1498.0, 3034, -154.0], [2125.0, 4956, -283.5], [2136.0, 4937, -280.5], [3127.0, 4893, -177.0], [2557.0, 3888, -133.5], [2994.0, 4775, -178.5], [2179.0, 4780, -260.5], [1937.0, 3668, -173.5], [2821.0, 4937, -212.0], [2276.0, 4912, -264.0], [2041.0, 4917, -288.0], [2215.0, 4956, -274.5], [3276.0, 4752, -148.0], [2905.0, 4831, -193.0], [2919.0, 5000, -208.0], [304.0, 310, -0.5], [1430.0, 2461, -103.5], [2094.0, 5000, -290.5], [2239.0, 3110, -87.5], [1944.0, 4775, -283.5], [2914.0, 5000, -208.5], [2349.0, 5000, -265.0], [2506.0, 4997, -249.5], [2703.0, 4954, -225.5], [2744.0, 5000, -225.5], [1129.0, 2395, -126.5], [3082.0, 4958, -188.0], [685.0, 1261, -57.5], [3410.0, 4776, -137.0], [230, 151, 7.5], [422.0, 533, -11.5], [2601.0, 4992, -239.5], [2739.0, 5000, -226.0], [2761.0, 4337, -158.0], [1588.0, 2619, -103.0], [2599.0, 5000, -240.0], [1659.0, 4960, -330.5], [2159.0, 5000, -284.0], [2483.0, 4749, -227.0], [2822.0, 4848, -203.0], [2433.0, 4909, -248.0], [2554.0, 5000, -244.5], [2883.0, 4929, -205.0], [3424.0, 5000, -157.5], [1968.0, 4999, -303.5], [1946.0, 4252, -231.0], [150, 151, -0.5], [3661.0, 4742, -108.5], [3654.0, 5000, -134.5], [3074.0, 4990, -192.0], [1689.0, 4210, -252.5], [856.0, 4467, -361.5], [3742.0, 4823, -108.5], [3529.0, 4530, -100.5], [1833.0, 3289, -146.0], [3124.0, 5000, -187.5], [2981.0, 4342, -136.5], [2614.0, 4935, -232.5], [2529.0, 5000, -247.0], [3269.0, 5000, -173.0], [2291.0, 4762, -247.5], [1876.0, 4122, -225.0], [3234.0, 5000, -176.5], [1694.0, 5000, -330.5], [2711.0, 4472, -176.5], [1699.0, 4995, -330.0], [1979.0, 4405, -243.0], [1373.0, 4219, -285.0], [3373.0, 4949, -158.0], [3090.0, 4991, -190.5], [3294.0, 5000, -170.5], [1810.0, 4956, -315.0], [244, 245, 0], [192, 193, -0.5], [2234.0, 5000, -276.5], [2380.0, 4181, -180.5], [1630.0, 3421, -179.5], [2115.0, 4611, -250.0], [3919.0, 4905, -99.0], [2904.0, 5000, -209.5], [3219.0, 4735, -152.0], [1620.0, 1991, -37.5]]


--RUN 18--
Population Size: 30
Generations: 100
Maximum Total Score: 3919.0
Maximum Distance Score: 5000
Maximum Target Score: 23.5
Best Overall Total Score: 3919.0
Distance Score of Best Overall: 4905
Target Score of Best Overall: -99.0
Theoretical Maximum Score: 7140

PARAMETERS:
Random Seed: 80079
Mu: [3, 2, 2]   Mu Weights: [7, 14, 21, 45, 69, 93, 100]    Lambda: 23
Population Size: 30
Maximum Allowed Distance: 5000
Plane Y Speed: -3.5     Plane X Speed: 3
Multi-Objective Weight Function: distanceScore + (10 * targetScore)
Range of Horizontal Space between Adjacent Radar Pairs: 175 - 340
Range of Gap (Vertical Space) between Pair of Radars:  120 - 180
Minimum Length of Radar Beam: 80
Mutation Probability (Weighted for low maximum total scores): 0.015
Number of Columns: 275
Number of Levels Back: 250

LISTS:
List of Best in Generation for Total Score: [0, 196.0, 135, 236.0, 253.0, 206, 248.0, 310, 270, 269.0, 165, 190, 150, 2073.0, 1773.0, 2821.0, 1355.0, 1908.0, 1498.0, 2125.0, 2136.0, 3127.0, 2557.0, 2994.0, 2179.0, 1937.0, 2821.0, 2276.0, 2041.0, 2215.0, 3276.0, 2905.0, 2919.0, 304.0, 1430.0, 2094.0, 2239.0, 1944.0, 2914.0, 2349.0, 2506.0, 2703.0, 2744.0, 1129.0, 3082.0, 685.0, 3410.0, 230, 422.0, 2601.0, 2739.0, 2761.0, 1588.0, 2599.0, 1659.0, 2159.0, 2483.0, 2822.0, 2433.0, 2554.0, 2883.0, 3424.0, 1968.0, 1946.0, 150, 3661.0, 3654.0, 3074.0, 1689.0, 856.0, 3742.0, 3529.0, 1833.0, 3124.0, 2981.0, 2614.0, 2529.0, 3269.0, 2291.0, 1876.0, 3234.0, 1694.0, 2711.0, 1699.0, 1979.0, 1373.0, 3373.0, 3090.0, 3294.0, 1810.0, 244, 192, 2234.0, 2380.0, 1630.0, 2115.0, 3919.0, 2904.0, 3219.0, 1620.0]
List of Best in All Previous Generations for Total Score: [0, 196.0, 196.0, 236.0, 253.0, 253.0, 253.0, 310, 310, 310, 310, 310, 310, 2073.0, 2073.0, 2821.0, 2821.0, 2821.0, 2821.0, 2821.0, 2821.0, 3127.0, 3127.0, 3127.0, 3127.0, 3127.0, 3127.0, 3127.0, 3127.0, 3127.0, 3276.0, 3276.0, 3276.0, 3276.0, 3276.0, 3276.0, 3276.0, 3276.0, 3276.0, 3276.0, 3276.0, 3276.0, 3276.0, 3276.0, 3276.0, 3276.0, 3410.0, 3410.0, 3410.0, 3410.0, 3410.0, 3410.0, 3410.0, 3410.0, 3410.0, 3410.0, 3410.0, 3410.0, 3410.0, 3410.0, 3410.0, 3424.0, 3424.0, 3424.0, 3424.0, 3661.0, 3661.0, 3661.0, 3661.0, 3661.0, 3742.0, 3742.0, 3742.0, 3742.0, 3742.0, 3742.0, 3742.0, 3742.0, 3742.0, 3742.0, 3742.0, 3742.0, 3742.0, 3742.0, 3742.0, 3742.0, 3742.0, 3742.0, 3742.0, 3742.0, 3742.0, 3742.0, 3742.0, 3742.0, 3742.0, 3742.0, 3919.0, 3919.0, 3919.0, 3919.0]
List of Best in Generation for Distance Score: [0, 371, 96, 732, 767, 359, 913, 280, 279, 1540, 415, 1107, 151, 5000, 5000, 5000, 5000, 5000, 5000, 5000, 5000, 5000, 5000, 5000, 5000, 5000, 5000, 5000, 5000, 5000, 5000, 5000, 5000, 5000, 5000, 5000, 5000, 5000, 5000, 5000, 5000, 5000, 5000, 5000, 5000, 5000, 5000, 5000, 5000, 5000, 5000, 5000, 2619, 5000, 5000, 5000, 5000, 5000, 5000, 5000, 5000, 5000, 5000, 5000, 154, 5000, 5000, 5000, 5000, 5000, 5000, 5000, 5000, 5000, 5000, 5000, 5000, 5000, 5000, 5000, 5000, 5000, 5000, 5000, 5000, 5000, 5000, 5000, 5000, 5000, 4262, 319, 5000, 5000, 5000, 5000, 5000, 5000, 5000, 5000]
List of Best in All Previous Generations for Distance Score: [0, 371, 371, 732, 767, 767, 913, 913, 913, 1540, 1540, 1540, 1540, 5000, 5000, 5000, 5000, 5000, 5000, 5000, 5000, 5000, 5000, 5000, 5000, 5000, 5000, 5000, 5000, 5000, 5000, 5000, 5000, 5000, 5000, 5000, 5000, 5000, 5000, 5000, 5000, 5000, 5000, 5000, 5000, 5000, 5000, 5000, 5000, 5000, 5000, 5000, 5000, 5000, 5000, 5000, 5000, 5000, 5000, 5000, 5000, 5000, 5000, 5000, 5000, 5000, 5000, 5000, 5000, 5000, 5000, 5000, 5000, 5000, 5000, 5000, 5000, 5000, 5000, 5000, 5000, 5000, 5000, 5000, 5000, 5000, 5000, 5000, 5000, 5000, 5000, 5000, 5000, 5000, 5000, 5000, 5000, 5000, 5000, 5000]
List of Best in Generation for Target Score: [0, 3.5, 4, 3.5, 8, 0, 0, 16, 12, 4, 0, 4, 0, 8, 0, 4, 8, 2.0, 0, 0, 4, 0, 3.0, 8, 0, 0, 0, 8, 0, 4, 0, 6.0, 4, 0, 12, 4, 8, 4, 8, 4, 4, 4, 8, 4, 4, 4, 0, 8, 0, 0, 8, 16, 4, 0, 4, 4, 0, 1.5, 0, 4, 0, 11.0, 8, 7.5, 0, 4, 12, 0, 0, 12, 17.5, 16.0, 8, 0, 4, 0, 4, 7.5, 0, 0, 4, 0, 3.5, 4, 2.5, 0, 4, 0, 4, 4, 0, 4, 4, 21.5, 4, 4, 4, 9.0, 4, 23.5]
List of Best in All Previous Generations for Target Score: [0, 3.5, 4, 4, 8, 8, 8, 16, 16, 16, 16, 16, 16, 16, 16, 16, 16, 16, 16, 16, 16, 16, 16, 16, 16, 16, 16, 16, 16, 16, 16, 16, 16, 16, 16, 16, 16, 16, 16, 16, 16, 16, 16, 16, 16, 16, 16, 16, 16, 16, 16, 16, 16, 16, 16, 16, 16, 16, 16, 16, 16, 16, 16, 16, 16, 16, 16, 16, 16, 16, 17.5, 17.5, 17.5, 17.5, 17.5, 17.5, 17.5, 17.5, 17.5, 17.5, 17.5, 17.5, 17.5, 17.5, 17.5, 17.5, 17.5, 17.5, 17.5, 17.5, 17.5, 17.5, 17.5, 21.5, 21.5, 21.5, 21.5, 21.5, 21.5, 23.5]
List of Scores for the Best Overall Plane in Each Generation: [[0, 0, 0], [196.0, 217, -2.5], [135, 96, 4], [236.0, 217, 1.5], [253.0, 269, -1.5], [206, 207, -0.5], [248.0, 559, -31.5], [310, 151, 15.5], [270, 151, 11.5], [269.0, 940, -67.5], [165, 166, -0.5], [190, 151, 3.5], [150, 151, -0.5], [2073.0, 4039, -197.0], [1773.0, 4589, -282.0], [2821.0, 4832, -201.5], [1355.0, 3781, -243.0], [1908.0, 4974, -307.0], [1498.0, 3034, -154.0], [2125.0, 4956, -283.5], [2136.0, 4937, -280.5], [3127.0, 4893, -177.0], [2557.0, 3888, -133.5], [2994.0, 4775, -178.5], [2179.0, 4780, -260.5], [1937.0, 3668, -173.5], [2821.0, 4937, -212.0], [2276.0, 4912, -264.0], [2041.0, 4917, -288.0], [2215.0, 4956, -274.5], [3276.0, 4752, -148.0], [2905.0, 4831, -193.0], [2919.0, 5000, -208.0], [304.0, 310, -0.5], [1430.0, 2461, -103.5], [2094.0, 5000, -290.5], [2239.0, 3110, -87.5], [1944.0, 4775, -283.5], [2914.0, 5000, -208.5], [2349.0, 5000, -265.0], [2506.0, 4997, -249.5], [2703.0, 4954, -225.5], [2744.0, 5000, -225.5], [1129.0, 2395, -126.5], [3082.0, 4958, -188.0], [685.0, 1261, -57.5], [3410.0, 4776, -137.0], [230, 151, 7.5], [422.0, 533, -11.5], [2601.0, 4992, -239.5], [2739.0, 5000, -226.0], [2761.0, 4337, -158.0], [1588.0, 2619, -103.0], [2599.0, 5000, -240.0], [1659.0, 4960, -330.5], [2159.0, 5000, -284.0], [2483.0, 4749, -227.0], [2822.0, 4848, -203.0], [2433.0, 4909, -248.0], [2554.0, 5000, -244.5], [2883.0, 4929, -205.0], [3424.0, 5000, -157.5], [1968.0, 4999, -303.5], [1946.0, 4252, -231.0], [150, 151, -0.5], [3661.0, 4742, -108.5], [3654.0, 5000, -134.5], [3074.0, 4990, -192.0], [1689.0, 4210, -252.5], [856.0, 4467, -361.5], [3742.0, 4823, -108.5], [3529.0, 4530, -100.5], [1833.0, 3289, -146.0], [3124.0, 5000, -187.5], [2981.0, 4342, -136.5], [2614.0, 4935, -232.5], [2529.0, 5000, -247.0], [3269.0, 5000, -173.0], [2291.0, 4762, -247.5], [1876.0, 4122, -225.0], [3234.0, 5000, -176.5], [1694.0, 5000, -330.5], [2711.0, 4472, -176.5], [1699.0, 4995, -330.0], [1979.0, 4405, -243.0], [1373.0, 4219, -285.0], [3373.0, 4949, -158.0], [3090.0, 4991, -190.5], [3294.0, 5000, -170.5], [1810.0, 4956, -315.0], [244, 245, 0], [192, 193, -0.5], [2234.0, 5000, -276.5], [2380.0, 4181, -180.5], [1630.0, 3421, -179.5], [2115.0, 4611, -250.0], [3919.0, 4905, -99.0], [2904.0, 5000, -209.5], [3219.0, 4735, -152.0], [1620.0, 1991, -37.5]]


--RUN 21--
Population Size: 30
Generations: 100
Maximum Total Score: 3919.0
Maximum Distance Score: 5000
Maximum Target Score: 23.5
Best Overall Total Score: 3919.0
Distance Score of Best Overall: 4905
Target Score of Best Overall: -99.0
Theoretical Maximum Score: 7140

PARAMETERS:
Random Seed: 80079
Mu: [3, 2, 2]   Mu Weights: [7, 14, 21, 45, 69, 93, 100]    Lambda: 23
Population Size: 30
Maximum Allowed Distance: 5000
Plane Y Speed: -3.5     Plane X Speed: 3
Multi-Objective Weight Function: distanceScore + (10 * targetScore)
Range of Horizontal Space between Adjacent Radar Pairs: 175 - 340
Range of Gap (Vertical Space) between Pair of Radars:  120 - 180
Minimum Length of Radar Beam: 80
Mutation Probability (Weighted for low maximum total scores): 0.015
Number of Columns: 325
Number of Levels Back: 250


--RUN 23--
Population Size: 30
Generations: 100
Maximum Total Score: 3919.0
Maximum Distance Score: 5000
Maximum Target Score: 23.5
Best Overall Total Score: 3919.0
Distance Score of Best Overall: 4905
Target Score of Best Overall: -99.0
Theoretical Maximum Score: 7140

PARAMETERS:
Random Seed: 80079
Mu: [3, 2, 2]   Mu Weights: [7, 14, 21, 45, 69, 93, 100]    Lambda: 23
Population Size: 30
Maximum Allowed Distance: 5000
Plane Y Speed: -3.5     Plane X Speed: 3
Multi-Objective Weight Function: distanceScore + (10 * targetScore)
Range of Horizontal Space between Adjacent Radar Pairs: 175 - 340
Range of Gap (Vertical Space) between Pair of Radars:  120 - 180
Minimum Length of Radar Beam: 80
Mutation Probability (Weighted for low maximum total scores): 0.015
Number of Columns: 375
Number of Levels Back: 250

LISTS:
List of Best in Generation for Total Score: [0, 196.0, 135, 236.0, 253.0, 206, 248.0, 310, 270, 269.0, 165, 190, 150, 2073.0, 1773.0, 2821.0, 1355.0, 1908.0, 1498.0, 2125.0, 2136.0, 3127.0, 2557.0, 2994.0, 2179.0, 1937.0, 2821.0, 2276.0, 2041.0, 2215.0, 3276.0, 2905.0, 2919.0, 304.0, 1430.0, 2094.0, 2239.0, 1944.0, 2914.0, 2349.0, 2506.0, 2703.0, 2744.0, 1129.0, 3082.0, 685.0, 3410.0, 230, 422.0, 2601.0, 2739.0, 2761.0, 1588.0, 2599.0, 1659.0, 2159.0, 2483.0, 2822.0, 2433.0, 2554.0, 2883.0, 3424.0, 1968.0, 1946.0, 150, 3661.0, 3654.0, 3074.0, 1689.0, 856.0, 3742.0, 3529.0, 1833.0, 3124.0, 2981.0, 2614.0, 2529.0, 3269.0, 2291.0, 1876.0, 3234.0, 1694.0, 2711.0, 1699.0, 1979.0, 1373.0, 3373.0, 3090.0, 3294.0, 1810.0, 244, 192, 2234.0, 2380.0, 1630.0, 2115.0, 3919.0, 2904.0, 3219.0, 1620.0]
List of Best in All Previous Generations for Total Score: [0, 196.0, 196.0, 236.0, 253.0, 253.0, 253.0, 310, 310, 310, 310, 310, 310, 2073.0, 2073.0, 2821.0, 2821.0, 2821.0, 2821.0, 2821.0, 2821.0, 3127.0, 3127.0, 3127.0, 3127.0, 3127.0, 3127.0, 3127.0, 3127.0, 3127.0, 3276.0, 3276.0, 3276.0, 3276.0, 3276.0, 3276.0, 3276.0, 3276.0, 3276.0, 3276.0, 3276.0, 3276.0, 3276.0, 3276.0, 3276.0, 3276.0, 3410.0, 3410.0, 3410.0, 3410.0, 3410.0, 3410.0, 3410.0, 3410.0, 3410.0, 3410.0, 3410.0, 3410.0, 3410.0, 3410.0, 3410.0, 3424.0, 3424.0, 3424.0, 3424.0, 3661.0, 3661.0, 3661.0, 3661.0, 3661.0, 3742.0, 3742.0, 3742.0, 3742.0, 3742.0, 3742.0, 3742.0, 3742.0, 3742.0, 3742.0, 3742.0, 3742.0, 3742.0, 3742.0, 3742.0, 3742.0, 3742.0, 3742.0, 3742.0, 3742.0, 3742.0, 3742.0, 3742.0, 3742.0, 3742.0, 3742.0, 3919.0, 3919.0, 3919.0, 3919.0]
List of Best in Generation for Distance Score: [0, 371, 96, 732, 767, 359, 913, 280, 279, 1540, 415, 1107, 151, 5000, 5000, 5000, 5000, 5000, 5000, 5000, 5000, 5000, 5000, 5000, 5000, 5000, 5000, 5000, 5000, 5000, 5000, 5000, 5000, 5000, 5000, 5000, 5000, 5000, 5000, 5000, 5000, 5000, 5000, 5000, 5000, 5000, 5000, 5000, 5000, 5000, 5000, 5000, 2619, 5000, 5000, 5000, 5000, 5000, 5000, 5000, 5000, 5000, 5000, 5000, 154, 5000, 5000, 5000, 5000, 5000, 5000, 5000, 5000, 5000, 5000, 5000, 5000, 5000, 5000, 5000, 5000, 5000, 5000, 5000, 5000, 5000, 5000, 5000, 5000, 5000, 4262, 319, 5000, 5000, 5000, 5000, 5000, 5000, 5000, 5000]
List of Best in All Previous Generations for Distance Score: [0, 371, 371, 732, 767, 767, 913, 913, 913, 1540, 1540, 1540, 1540, 5000, 5000, 5000, 5000, 5000, 5000, 5000, 5000, 5000, 5000, 5000, 5000, 5000, 5000, 5000, 5000, 5000, 5000, 5000, 5000, 5000, 5000, 5000, 5000, 5000, 5000, 5000, 5000, 5000, 5000, 5000, 5000, 5000, 5000, 5000, 5000, 5000, 5000, 5000, 5000, 5000, 5000, 5000, 5000, 5000, 5000, 5000, 5000, 5000, 5000, 5000, 5000, 5000, 5000, 5000, 5000, 5000, 5000, 5000, 5000, 5000, 5000, 5000, 5000, 5000, 5000, 5000, 5000, 5000, 5000, 5000, 5000, 5000, 5000, 5000, 5000, 5000, 5000, 5000, 5000, 5000, 5000, 5000, 5000, 5000, 5000, 5000]
List of Best in Generation for Target Score: [0, 3.5, 4, 3.5, 8, 0, 0, 16, 12, 4, 0, 4, 0, 8, 0, 4, 8, 2.0, 0, 0, 4, 0, 3.0, 8, 0, 0, 0, 8, 0, 4, 0, 6.0, 4, 0, 12, 4, 8, 4, 8, 4, 4, 4, 8, 4, 4, 4, 0, 8, 0, 0, 8, 16, 4, 0, 4, 4, 0, 1.5, 0, 4, 0, 11.0, 8, 7.5, 0, 4, 12, 0, 0, 12, 17.5, 16.0, 8, 0, 4, 0, 4, 7.5, 0, 0, 4, 0, 3.5, 4, 2.5, 0, 4, 0, 4, 4, 0, 4, 4, 21.5, 4, 4, 4, 9.0, 4, 23.5]
List of Best in All Previous Generations for Target Score: [0, 3.5, 4, 4, 8, 8, 8, 16, 16, 16, 16, 16, 16, 16, 16, 16, 16, 16, 16, 16, 16, 16, 16, 16, 16, 16, 16, 16, 16, 16, 16, 16, 16, 16, 16, 16, 16, 16, 16, 16, 16, 16, 16, 16, 16, 16, 16, 16, 16, 16, 16, 16, 16, 16, 16, 16, 16, 16, 16, 16, 16, 16, 16, 16, 16, 16, 16, 16, 16, 16, 17.5, 17.5, 17.5, 17.5, 17.5, 17.5, 17.5, 17.5, 17.5, 17.5, 17.5, 17.5, 17.5, 17.5, 17.5, 17.5, 17.5, 17.5, 17.5, 17.5, 17.5, 17.5, 17.5, 21.5, 21.5, 21.5, 21.5, 21.5, 21.5, 23.5]
List of Scores for the Best Overall Plane in Each Generation: [[0, 0, 0], [196.0, 217, -2.5], [135, 96, 4], [236.0, 217, 1.5], [253.0, 269, -1.5], [206, 207, -0.5], [248.0, 559, -31.5], [310, 151, 15.5], [270, 151, 11.5], [269.0, 940, -67.5], [165, 166, -0.5], [190, 151, 3.5], [150, 151, -0.5], [2073.0, 4039, -197.0], [1773.0, 4589, -282.0], [2821.0, 4832, -201.5], [1355.0, 3781, -243.0], [1908.0, 4974, -307.0], [1498.0, 3034, -154.0], [2125.0, 4956, -283.5], [2136.0, 4937, -280.5], [3127.0, 4893, -177.0], [2557.0, 3888, -133.5], [2994.0, 4775, -178.5], [2179.0, 4780, -260.5], [1937.0, 3668, -173.5], [2821.0, 4937, -212.0], [2276.0, 4912, -264.0], [2041.0, 4917, -288.0], [2215.0, 4956, -274.5], [3276.0, 4752, -148.0], [2905.0, 4831, -193.0], [2919.0, 5000, -208.0], [304.0, 310, -0.5], [1430.0, 2461, -103.5], [2094.0, 5000, -290.5], [2239.0, 3110, -87.5], [1944.0, 4775, -283.5], [2914.0, 5000, -208.5], [2349.0, 5000, -265.0], [2506.0, 4997, -249.5], [2703.0, 4954, -225.5], [2744.0, 5000, -225.5], [1129.0, 2395, -126.5], [3082.0, 4958, -188.0], [685.0, 1261, -57.5], [3410.0, 4776, -137.0], [230, 151, 7.5], [422.0, 533, -11.5], [2601.0, 4992, -239.5], [2739.0, 5000, -226.0], [2761.0, 4337, -158.0], [1588.0, 2619, -103.0], [2599.0, 5000, -240.0], [1659.0, 4960, -330.5], [2159.0, 5000, -284.0], [2483.0, 4749, -227.0], [2822.0, 4848, -203.0], [2433.0, 4909, -248.0], [2554.0, 5000, -244.5], [2883.0, 4929, -205.0], [3424.0, 5000, -157.5], [1968.0, 4999, -303.5], [1946.0, 4252, -231.0], [150, 151, -0.5], [3661.0, 4742, -108.5], [3654.0, 5000, -134.5], [3074.0, 4990, -192.0], [1689.0, 4210, -252.5], [856.0, 4467, -361.5], [3742.0, 4823, -108.5], [3529.0, 4530, -100.5], [1833.0, 3289, -146.0], [3124.0, 5000, -187.5], [2981.0, 4342, -136.5], [2614.0, 4935, -232.5], [2529.0, 5000, -247.0], [3269.0, 5000, -173.0], [2291.0, 4762, -247.5], [1876.0, 4122, -225.0], [3234.0, 5000, -176.5], [1694.0, 5000, -330.5], [2711.0, 4472, -176.5], [1699.0, 4995, -330.0], [1979.0, 4405, -243.0], [1373.0, 4219, -285.0], [3373.0, 4949, -158.0], [3090.0, 4991, -190.5], [3294.0, 5000, -170.5], [1810.0, 4956, -315.0], [244, 245, 0], [192, 193, -0.5], [2234.0, 5000, -276.5], [2380.0, 4181, -180.5], [1630.0, 3421, -179.5], [2115.0, 4611, -250.0], [3919.0, 4905, -99.0], [2904.0, 5000, -209.5], [3219.0, 4735, -152.0], [1620.0, 1991, -37.5]]
