--RUN 17--
Population Size: 75
Generations: 100
Maximum Total Score: 4204.0
Maximum Distance Score: 4000
Maximum Target Score: 20.5
Best Overall Total Score: 4204.0
Distance Score of Best Overall: 4000
Target Score of Best Overall: 20.5
Theoretical Maximum Score: 5160

PARAMETERS:
Random Seed: 14957
Mu: [6, 3, 3]   Mu Weights: None    Lambda: 63
Population Size: 75
Maximum Allowed Distance: 4000
Plane Y Speed: -3.5     Plane X Speed: 3
Multi-Objective Weight Function: distanceScore + (10 * targetScore)
Range of Horizontal Space between Adjacent Radar Pairs: 175 - 340
Range of Gap (Vertical Space) between Pair of Radars:  120 - 180
Minimum Length of Radar Beam: 80
Mutation Probability (Weighted for low maximum total scores): 1.5%
Number of Columns: 250
Number of Levels Back: 200

LISTS:
List of Best in Generation for Total Score: [0, 241, 617, 731, 238, 790, 440, 216.0, 2524.0, 1840.0, 2827.0, 3309.0, 3999, 3114.0, 3391.0, 3758.0, 3104.0, 2151.0, 3094.0, 2359.0, 3454.0, 3929.0, 3709.0, 3529.0, 3334.0, 3608.0, 3551.0, 3334.0, 3443.0, 3357.0, 2937.0, 3184.0, 3594.0, 3314.0, 3504.0, 3214.0, 1695.0, 3179.0, 3864.0, 3599.0, 3644.0, 3954.0, 3769.0, 3804.0, 3904.0, 3869.0, 3939.0, 3784.0, 3909.0, 3799.0, 1567, 3999, 3949.0, 3509.0, 4109.0, 3734.0, 3859.0, 2995.0, 3809.0, 3824.0, 3784.0, 3829.0, 3734.0, 3559.0, 995.0, 3843.0, 3914.0, 3474.0, 3729.0, 3684.0, 3729.0, 3869.0, 3824.0, 3949.0, 3909.0, 2580.0, 3769.0, 3954.0, 3909.0, 3899.0, 3769.0, 3859.0, 3924.0, 3609.0, 1667.0, 3829.0, 3889.0, 3999, 3894.0, 3954.0, 4014.0, 3994.0, 4204.0, 4099.0, 4194.0, 4019.0, 3974.0, 3989.0, 4129.0, 4099.0]
List of Best in All Previous Generations for Total Score: [0, 241, 617, 731, 731, 790, 790, 790, 2524.0, 2524.0, 2827.0, 3309.0, 3999, 3999, 3999, 3999, 3999, 3999, 3999, 3999, 3999, 3999, 3999, 3999, 3999, 3999, 3999, 3999, 3999, 3999, 3999, 3999, 3999, 3999, 3999, 3999, 3999, 3999, 3999, 3999, 3999, 3999, 3999, 3999, 3999, 3999, 3999, 3999, 3999, 3999, 3999, 3999, 3999, 3999, 4109.0, 4109.0, 4109.0, 4109.0, 4109.0, 4109.0, 4109.0, 4109.0, 4109.0, 4109.0, 4109.0, 4109.0, 4109.0, 4109.0, 4109.0, 4109.0, 4109.0, 4109.0, 4109.0, 4109.0, 4109.0, 4109.0, 4109.0, 4109.0, 4109.0, 4109.0, 4109.0, 4109.0, 4109.0, 4109.0, 4109.0, 4109.0, 4109.0, 4109.0, 4109.0, 4109.0, 4109.0, 4109.0, 4204.0, 4204.0, 4204.0, 4204.0, 4204.0, 4204.0, 4204.0, 4204.0]
List of Best in Generation for Distance Score: [0, 242, 1400, 732, 948, 1131, 728, 297, 4000, 2000, 4000, 4000, 4000, 4000, 4000, 4000, 4000, 2467, 4000, 4000, 4000, 4000, 4000, 4000, 4000, 4000, 4000, 4000, 4000, 4000, 4000, 4000, 4000, 4000, 4000, 4000, 4000, 4000, 4000, 4000, 4000, 4000, 4000, 4000, 4000, 4000, 4000, 4000, 4000, 4000, 4000, 4000, 4000, 4000, 4000, 4000, 4000, 4000, 4000, 4000, 4000, 4000, 4000, 4000, 4000, 4000, 4000, 4000, 4000, 4000, 4000, 4000, 4000, 4000, 4000, 4000, 4000, 4000, 4000, 4000, 4000, 4000, 4000, 4000, 4000, 4000, 4000, 4000, 4000, 4000, 4000, 4000, 4000, 4000, 4000, 4000, 4000, 4000, 4000, 4000]
List of Best in All Previous Generations for Distance Score: [0, 242, 1400, 1400, 1400, 1400, 1400, 1400, 4000, 4000, 4000, 4000, 4000, 4000, 4000, 4000, 4000, 4000, 4000, 4000, 4000, 4000, 4000, 4000, 4000, 4000, 4000, 4000, 4000, 4000, 4000, 4000, 4000, 4000, 4000, 4000, 4000, 4000, 4000, 4000, 4000, 4000, 4000, 4000, 4000, 4000, 4000, 4000, 4000, 4000, 4000, 4000, 4000, 4000, 4000, 4000, 4000, 4000, 4000, 4000, 4000, 4000, 4000, 4000, 4000, 4000, 4000, 4000, 4000, 4000, 4000, 4000, 4000, 4000, 4000, 4000, 4000, 4000, 4000, 4000, 4000, 4000, 4000, 4000, 4000, 4000, 4000, 4000, 4000, 4000, 4000, 4000, 4000, 4000, 4000, 4000, 4000, 4000, 4000, 4000]
List of Best in Generation for Target Score: [0, 0, 4, 8, 4, 4, 8, 4, 4, 0, 8, 11.0, 0, 8, 0, 8, 8, 4, 8, 4, 4, 8, 8, 11.5, 11.0, 8, 8, 0, 4, 8, 0, 4, 11.5, 4, 12, 3.0, 3.5, 6.5, 4, 4, 4, 4, 8, 4, 4, 0, 4, 4, 4, 4, 8, 0, 8, 4, 11.5, 8, 4, 4, 8, 4, 4, 4, 8, 4, 4, 0, 8, 4, 8, 4, 4, 4, 11.5, 6.0, 8, 4, 4, 8, 8, 6.5, 4, 4, 10.0, 4, 8, 0, 8, 8, 4, 4, 4, 3.0, 20.5, 12.5, 19.5, 3.0, 0, 0, 20.5, 11.0]
List of Best in All Previous Generations for Target Score: [0, 0, 4, 8, 8, 8, 8, 8, 8, 8, 8, 11.0, 11.0, 11.0, 11.0, 11.0, 11.0, 11.0, 11.0, 11.0, 11.0, 11.0, 11.0, 11.5, 11.5, 11.5, 11.5, 11.5, 11.5, 11.5, 11.5, 11.5, 11.5, 11.5, 12, 12, 12, 12, 12, 12, 12, 12, 12, 12, 12, 12, 12, 12, 12, 12, 12, 12, 12, 12, 12, 12, 12, 12, 12, 12, 12, 12, 12, 12, 12, 12, 12, 12, 12, 12, 12, 12, 12, 12, 12, 12, 12, 12, 12, 12, 12, 12, 12, 12, 12, 12, 12, 12, 12, 12, 12, 12, 20.5, 20.5, 20.5, 20.5, 20.5, 20.5, 20.5, 20.5]
List of Scores for the Best Overall Plane in Each Generation: [[0, 0, 0], [241, 242, 0], [617, 618, 0], [731, 732, 0], [238, 239, 0], [790, 791, 0], [440, 441, 0], [216.0, 297, -8.0], [2524.0, 4000, -147.5], [1840.0, 1971, -13.5], [2827.0, 3348, -52.0], [3309.0, 4000, -69.0], [3999, 4000, 0], [3114.0, 4000, -88.5], [3391.0, 3997, -61.0], [3758.0, 3934, -18.0], [3104.0, 3740, -64.0], [2151.0, 2467, -31.5], [3094.0, 4000, -90.5], [2359.0, 3955, -160.0], [3454.0, 4000, -54.5], [3929.0, 4000, -7.0], [3709.0, 3920, -21.5], [3529.0, 4000, -47.0], [3334.0, 4000, -66.5], [3608.0, 3819, -21.5], [3551.0, 3917, -37.0], [3334.0, 4000, -66.5], [3443.0, 3954, -51.5], [3357.0, 3873, -52.0], [2937.0, 3248, -31.0], [3184.0, 4000, -81.5], [3594.0, 4000, -40.5], [3314.0, 3930, -62.0], [3504.0, 4000, -49.5], [3214.0, 4000, -78.5], [1695.0, 3881, -219.0], [3179.0, 4000, -82.0], [3864.0, 4000, -13.5], [3599.0, 4000, -40.0], [3644.0, 4000, -35.5], [3954.0, 4000, -4.5], [3769.0, 4000, -23.0], [3804.0, 4000, -19.5], [3904.0, 4000, -9.5], [3869.0, 4000, -13.0], [3939.0, 4000, -6.0], [3784.0, 4000, -21.5], [3909.0, 4000, -9.0], [3799.0, 4000, -20.0], [1567, 1568, 0], [3999, 4000, 0], [3949.0, 4000, -5.0], [3509.0, 4000, -49.0], [4109.0, 4000, 11.0], [3734.0, 4000, -26.5], [3859.0, 4000, -14.0], [2995.0, 3131, -13.5], [3809.0, 4000, -19.0], [3824.0, 4000, -17.5], [3784.0, 4000, -21.5], [3829.0, 4000, -17.0], [3734.0, 4000, -26.5], [3559.0, 4000, -44.0], [995.0, 1081, -8.5], [3843.0, 3929, -9.0], [3914.0, 4000, -8.5], [3474.0, 4000, -52.5], [3729.0, 4000, -27.0], [3684.0, 4000, -31.5], [3729.0, 4000, -27.0], [3869.0, 4000, -13.0], [3824.0, 4000, -17.5], [3949.0, 4000, -5.0], [3909.0, 4000, -9.0], [2580.0, 2546, 3.5], [3769.0, 4000, -23.0], [3954.0, 4000, -4.5], [3909.0, 4000, -9.0], [3899.0, 4000, -10.0], [3769.0, 4000, -23.0], [3859.0, 4000, -14.0], [3924.0, 4000, -7.5], [3609.0, 4000, -39.0], [1667.0, 1803, -13.5], [3829.0, 4000, -17.0], [3889.0, 4000, -11.0], [3999, 4000, 0], [3894.0, 4000, -10.5], [3954.0, 4000, -4.5], [4014.0, 4000, 1.5], [3994.0, 4000, -0.5], [4204.0, 4000, 20.5], [4099.0, 4000, 10.0], [4194.0, 4000, 19.5], [4019.0, 4000, 2.0], [3974.0, 4000, -2.5], [3989.0, 4000, -1.0], [4129.0, 4000, 13.0], [4099.0, 4000, 10.0]]


--RUN 18--
Population Size: 10
Generations: 100
Maximum Total Score: 908.0
Maximum Distance Score: 4000
Maximum Target Score: 12
Best Overall Total Score: 908.0
Distance Score of Best Overall: 934
Target Score of Best Overall: -2.5
Theoretical Maximum Score: 6260

PARAMETERS:
Random Seed: 14957
Mu: [2, 1, 1]   Mu Weights: None    Lambda: 6
Population Size: 10
Maximum Allowed Distance: 4000
Plane Y Speed: -3.5     Plane X Speed: 3
Multi-Objective Weight Function: distanceScore + (10 * targetScore)
Range of Horizontal Space between Adjacent Radar Pairs: 175 - 340
Range of Gap (Vertical Space) between Pair of Radars:  120 - 180
Minimum Length of Radar Beam: 80
Mutation Probability (Weighted for low maximum total scores): 1.5%
Number of Columns: 250
Number of Levels Back: 200

LISTS:
List of Best in Generation for Total Score: [0, 270, 90, 98, 140, 327, 397, 281, 261, 100, 190, 150, 251, 160, 174, 201, 90, 173, 205, 230, 234.0, 220.0, 211, 112, 90, 105, 122, 106, 143, 151, 128, 199, 156, 79, 190, 908.0, 230, 379.0, 260.0, 249.0, 150, 232.0, 355.0, 670.0, 201, 199, 191, 151, 190, 190, 247.0, 150, 151, 151, 209, 151, 190, 190, 150, 191, 270, 190, 191, 270, 260, 504.0, 223, 282, 226.0, 190, 239, 150, 190, 190, 193.0, 203.0, 222, 248.0, 190, 151, 190, 190, 333, 190, 151, 151, 151, 230, 151, 191, 230, 150, 152, 151, 230, 191, 151, 383.0, 230, 191]
List of Best in All Previous Generations for Total Score: [0, 270, 270, 270, 270, 327, 397, 397, 397, 397, 397, 397, 397, 397, 397, 397, 397, 397, 397, 397, 397, 397, 397, 397, 397, 397, 397, 397, 397, 397, 397, 397, 397, 397, 397, 908.0, 908.0, 908.0, 908.0, 908.0, 908.0, 908.0, 908.0, 908.0, 908.0, 908.0, 908.0, 908.0, 908.0, 908.0, 908.0, 908.0, 908.0, 908.0, 908.0, 908.0, 908.0, 908.0, 908.0, 908.0, 908.0, 908.0, 908.0, 908.0, 908.0, 908.0, 908.0, 908.0, 908.0, 908.0, 908.0, 908.0, 908.0, 908.0, 908.0, 908.0, 908.0, 908.0, 908.0, 908.0, 908.0, 908.0, 908.0, 908.0, 908.0, 908.0, 908.0, 908.0, 908.0, 908.0, 908.0, 908.0, 908.0, 908.0, 908.0, 908.0, 908.0, 908.0, 908.0, 908.0]
List of Best in Generation for Distance Score: [0, 310, 91, 99, 105, 328, 370, 282, 512, 101, 232, 554, 252, 161, 135, 202, 91, 174, 206, 214, 250, 207, 212, 113, 91, 106, 123, 107, 144, 166, 129, 200, 157, 80, 212, 4000, 4000, 4000, 4000, 4000, 4000, 4000, 4000, 4000, 4000, 4000, 4000, 4000, 4000, 4000, 4000, 4000, 4000, 4000, 4000, 4000, 4000, 4000, 4000, 4000, 4000, 4000, 4000, 4000, 4000, 4000, 4000, 4000, 4000, 4000, 4000, 4000, 4000, 4000, 4000, 4000, 4000, 4000, 4000, 4000, 4000, 4000, 4000, 4000, 4000, 4000, 4000, 4000, 4000, 4000, 4000, 659, 4000, 4000, 4000, 4000, 4000, 4000, 4000, 4000]
List of Best in All Previous Generations for Distance Score: [0, 310, 310, 310, 310, 328, 370, 370, 512, 512, 512, 554, 554, 554, 554, 554, 554, 554, 554, 554, 554, 554, 554, 554, 554, 554, 554, 554, 554, 554, 554, 554, 554, 554, 554, 4000, 4000, 4000, 4000, 4000, 4000, 4000, 4000, 4000, 4000, 4000, 4000, 4000, 4000, 4000, 4000, 4000, 4000, 4000, 4000, 4000, 4000, 4000, 4000, 4000, 4000, 4000, 4000, 4000, 4000, 4000, 4000, 4000, 4000, 4000, 4000, 4000, 4000, 4000, 4000, 4000, 4000, 4000, 4000, 4000, 4000, 4000, 4000, 4000, 4000, 4000, 4000, 4000, 4000, 4000, 4000, 4000, 4000, 4000, 4000, 4000, 4000, 4000, 4000, 4000]
List of Best in Generation for Target Score: [0, 12, 0, 0, 4, 0, 4, 4, 8, 0, 4, 0, 0, 0, 4, 0, 0, 0, 0, 8, 0, 4, 0, 0, 0, 0, 0, 0, 0, 0, 0, 0, 0, 0, 4, 4.5, 4, 4, 8, 0, 0, 4, 4, 4, 4, 4, 4, 0, 4, 4, 6.0, 0, 0, 0, 0, 0, 4, 4, 0, 4, 12, 4, 4, 12, 4, 4, 4, 4, 7.5, 4, 0, 0, 4, 4, 0, 4, 4, 4, 4, 0, 4, 8, 0, 4, 0, 0, 0, 8, 0, 4, 8, 0, 0, 0, 8, 4, 0, 4, 8, 4]
List of Best in All Previous Generations for Target Score: [0, 12, 12, 12, 12, 12, 12, 12, 12, 12, 12, 12, 12, 12, 12, 12, 12, 12, 12, 12, 12, 12, 12, 12, 12, 12, 12, 12, 12, 12, 12, 12, 12, 12, 12, 12, 12, 12, 12, 12, 12, 12, 12, 12, 12, 12, 12, 12, 12, 12, 12, 12, 12, 12, 12, 12, 12, 12, 12, 12, 12, 12, 12, 12, 12, 12, 12, 12, 12, 12, 12, 12, 12, 12, 12, 12, 12, 12, 12, 12, 12, 12, 12, 12, 12, 12, 12, 12, 12, 12, 12, 12, 12, 12, 12, 12, 12, 12, 12, 12]
List of Scores for the Best Overall Plane in Each Generation: [[0, 0, 0], [270, 151, 11.5], [90, 91, 0], [98, 99, 0], [140, 101, 4], [327, 328, 0], [397, 358, 3.5], [281, 282, 0], [261, 262, 0], [100, 101, 0], [190, 151, 3.5], [150, 151, -15.0], [251, 252, 0], [160, 161, 0], [174, 135, 4], [201, 202, 0], [90, 91, 0], [173, 174, 0], [205, 206, 0], [230, 151, 7.0], [234.0, 250, -1.5], [220.0, 196, 2.5], [211, 212, 0], [112, 113, 0], [90, 91, 0], [105, 106, 0], [122, 123, 0], [106, 107, 0], [143, 144, 0], [151, 152, -7.5], [128, 129, 0], [199, 200, 0], [156, 157, 0], [79, 80, 0], [190, 151, -16.0], [908.0, 934, -2.5], [230, 231, 0], [379.0, 400, -2.0], [260.0, 286, -3.0], [249.0, 270, -2.5], [150, 151, -0.5], [232.0, 238, -0.5], [355.0, 411, -6.0], [670.0, 681, -1.0], [201, 202, 0], [199, 160, 3.5], [191, 152, 3.5], [151, 152, -11.0], [190, 151, 3.5], [190, 151, -16.0], [247.0, 248, -0.5], [150, 151, -0.5], [151, 152, -7.0], [151, 152, -7.5], [209, 210, 0], [151, 152, -5.0], [190, 151, 3.5], [190, 151, 3.5], [150, 151, -0.5], [191, 152, -3.5], [270, 151, 11.5], [190, 151, 3.5], [191, 152, -5.5], [270, 151, 11.5], [260, 261, -0.5], [504.0, 635, -13.5], [223, 224, 0], [282, 283, 0], [226.0, 152, -10.0], [190, 151, 3.5], [239, 240, 0], [150, 151, -0.5], [190, 151, 3.5], [190, 151, 3.5], [193.0, 259, -6.5], [203.0, 244, -4.0], [222, 183, 3.5], [248.0, 359, -11.5], [190, 151, 3.5], [151, 152, -5.5], [190, 151, 3.5], [190, 151, 3.5], [333, 334, 0], [190, 151, 3.5], [151, 152, -8.0], [151, 152, -14.0], [151, 152, -16.5], [230, 151, 7.5], [151, 152, -5.0], [191, 152, 3.0], [230, 151, 7.5], [150, 151, -0.5], [152, 153, 0], [151, 152, -3.5], [230, 151, 7.5], [191, 152, -4.0], [151, 152, -5.0], [383.0, 404, -2.0], [230, 151, 7.5], [191, 152, 2.5]]


--RUN 19--
Population Size: 30
Generations: 100
Maximum Total Score: 3999
Maximum Distance Score: 4000
Maximum Target Score: 12
Best Overall Total Score: 3999
Distance Score of Best Overall: 4000
Target Score of Best Overall: 0
Theoretical Maximum Score: 4380

PARAMETERS:
Random Seed: 14957
Mu: [2, 1, 1]   Mu Weights: None    Lambda: 26
Population Size: 30
Maximum Allowed Distance: 4000
Plane Y Speed: -3.5     Plane X Speed: 3
Multi-Objective Weight Function: distanceScore + (10 * targetScore)
Range of Horizontal Space between Adjacent Radar Pairs: 175 - 340
Range of Gap (Vertical Space) between Pair of Radars:  120 - 180
Minimum Length of Radar Beam: 80
Mutation Probability (Weighted for low maximum total scores): 1.5%
Number of Columns: 250
Number of Levels Back: 200

LISTS:
List of Best in Generation for Total Score: [0, 114, 150, 131, 199.0, 150, 190, 191, 328, 225, 191, 191, 330, 154, 201, 251.0, 151, 191, 230, 191, 1631, 3428, 3725.0, 3424.0, 3999, 2882.0, 789, 3999, 464, 3999, 3999, 3999, 248, 231, 153, 145, 198.0, 238.0, 209, 154, 190, 190, 264.0, 317.0, 91, 233, 232.0, 136, 211, 150, 235, 715.0, 700, 190, 248, 341.0, 216.0, 168, 460.0, 286, 236.0, 270, 565.0, 230, 190, 190, 270, 630.0, 669.0, 556.0, 190, 248, 519.0, 181.0, 187, 226, 155, 191, 242, 346.0, 248.0, 167, 449.0, 288, 195, 190, 190, 289.0, 190, 262.0, 190, 174, 190, 164, 190, 217, 434.0, 297.0, 293.0, 404.0]
List of Best in All Previous Generations for Total Score: [0, 114, 150, 150, 199.0, 199.0, 199.0, 199.0, 328, 328, 328, 328, 330, 330, 330, 330, 330, 330, 330, 330, 1631, 3428, 3725.0, 3725.0, 3999, 3999, 3999, 3999, 3999, 3999, 3999, 3999, 3999, 3999, 3999, 3999, 3999, 3999, 3999, 3999, 3999, 3999, 3999, 3999, 3999, 3999, 3999, 3999, 3999, 3999, 3999, 3999, 3999, 3999, 3999, 3999, 3999, 3999, 3999, 3999, 3999, 3999, 3999, 3999, 3999, 3999, 3999, 3999, 3999, 3999, 3999, 3999, 3999, 3999, 3999, 3999, 3999, 3999, 3999, 3999, 3999, 3999, 3999, 3999, 3999, 3999, 3999, 3999, 3999, 3999, 3999, 3999, 3999, 3999, 3999, 3999, 3999, 3999, 3999, 3999]
List of Best in Generation for Distance Score: [0, 115, 362, 132, 265, 580, 325, 433, 437, 166, 571, 282, 376, 155, 202, 327, 315, 404, 302, 183, 1632, 3489, 3731, 4000, 4000, 4000, 790, 4000, 394, 4000, 4000, 4000, 193, 226, 266, 146, 204, 461, 180, 178, 241, 305, 325, 331, 92, 234, 324, 137, 212, 151, 236, 601, 661, 202, 249, 342, 272, 169, 421, 287, 247, 271, 501, 199, 156, 420, 503, 792, 814, 940, 1852, 628, 1347, 996, 218, 427, 313, 507, 485, 579, 397, 311, 850, 349, 196, 191, 156, 472, 159, 266, 157, 157, 216, 379, 213, 218, 415, 338, 366, 350]
List of Best in All Previous Generations for Distance Score: [0, 115, 362, 362, 362, 580, 580, 580, 580, 580, 580, 580, 580, 580, 580, 580, 580, 580, 580, 580, 1632, 3489, 3731, 4000, 4000, 4000, 4000, 4000, 4000, 4000, 4000, 4000, 4000, 4000, 4000, 4000, 4000, 4000, 4000, 4000, 4000, 4000, 4000, 4000, 4000, 4000, 4000, 4000, 4000, 4000, 4000, 4000, 4000, 4000, 4000, 4000, 4000, 4000, 4000, 4000, 4000, 4000, 4000, 4000, 4000, 4000, 4000, 4000, 4000, 4000, 4000, 4000, 4000, 4000, 4000, 4000, 4000, 4000, 4000, 4000, 4000, 4000, 4000, 4000, 4000, 4000, 4000, 4000, 4000, 4000, 4000, 4000, 4000, 4000, 4000, 4000, 4000, 4000, 4000, 4000]
List of Best in Generation for Target Score: [0, 0, 0, 0, 4, 4, 4, 4, 4, 8, 4, 4, 8, 0, 2.5, 2.0, 0, 4, 8, 4, 4, 4, 8.0, 8, 6.0, 8, 2.0, 8, 8, 12, 4, 0, 8, 8, 0, 0, 4, 4, 4, 0, 4, 4, 4, 5.0, 0, 0, 1.5, 0, 0, 0, 0, 11.5, 4, 0, 4, 4, 0, 0, 8, 4, 4, 0, 8, 8, 4, 4, 8, 12, 8, 8, 4, 4, 12, 0, 4, 8, 0, 4, 4, 12, 4, 0, 4, 11.5, 0, 0, 4, 0.5, 4, 4, 4, 4, 4, 0, 4, 0.5, 4, 3.0, 0, 5.5]
List of Best in All Previous Generations for Target Score: [0, 0, 0, 0, 4, 4, 4, 4, 4, 8, 8, 8, 8, 8, 8, 8, 8, 8, 8, 8, 8, 8, 8, 8, 8, 8, 8, 8, 8, 12, 12, 12, 12, 12, 12, 12, 12, 12, 12, 12, 12, 12, 12, 12, 12, 12, 12, 12, 12, 12, 12, 12, 12, 12, 12, 12, 12, 12, 12, 12, 12, 12, 12, 12, 12, 12, 12, 12, 12, 12, 12, 12, 12, 12, 12, 12, 12, 12, 12, 12, 12, 12, 12, 12, 12, 12, 12, 12, 12, 12, 12, 12, 12, 12, 12, 12, 12, 12, 12, 12]
List of Scores for the Best Overall Plane in Each Generation: [[0, 0, 0], [114, 115, 0], [150, 151, -0.5], [131, 132, 0], [199.0, 265, -6.5], [150, 151, -0.5], [190, 151, 3.5], [191, 152, -11.0], [328, 329, 0], [225, 146, 8], [191, 152, -11.0], [191, 152, -4.0], [330, 331, -0.5], [154, 155, 0], [201, 202, 0], [251.0, 232, 1.5], [151, 152, -10.5], [191, 152, -1.5], [230, 151, 7.5], [191, 152, -5.5], [1631, 1632, 0], [3428, 3429, 0], [3725.0, 3731, -0.5], [3424.0, 4000, -57.5], [3999, 4000, 0], [2882.0, 3953, -107.5], [789, 790, 0], [3999, 4000, 0], [464, 385, 8], [3999, 4000, 0], [3999, 4000, 0], [3999, 4000, 0], [248, 169, 7.5], [231, 152, 7.5], [153, 154, 0], [145, 146, 0], [198.0, 204, -0.5], [238.0, 349, -11.5], [209, 170, 4], [154, 155, -0.5], [190, 151, 3.5], [190, 151, 3.5], [264.0, 325, -6.0], [317.0, 268, 4.5], [91, 92, 0], [233, 234, 0], [232.0, 233, 0.0], [136, 137, 0], [211, 212, 0], [150, 151, 0], [235, 236, 0], [715.0, 601, 11.5], [700, 661, 4], [190, 191, 0], [248, 249, 0], [341.0, 342, 0.0], [216.0, 272, -5.5], [168, 169, 0], [460.0, 421, 4.0], [286, 287, 0], [236.0, 247, -1.0], [270, 271, 0], [565.0, 501, 6.0], [230, 151, 7.5], [190, 151, 3.5], [190, 151, 3.5], [270, 271, 0], [630.0, 636, -0.5], [669.0, 735, -6.5], [556.0, 917, -36.5], [190, 151, 3.5], [248, 249, 0], [519.0, 1315, -80.0], [181.0, 217, -4.0], [187, 148, 4], [226, 227, -0.5], [155, 156, 0], [191, 152, 3.0], [242, 243, 0], [346.0, 442, -10.0], [248.0, 249, -0.5], [167, 168, 0], [449.0, 475, -2.5], [288, 289, 0], [195, 196, 0], [190, 191, 0], [190, 151, 3.5], [289.0, 285, 0.0], [190, 151, 3.5], [262.0, 248, 1.0], [190, 151, 3.5], [174, 135, 4], [190, 151, 3.5], [164, 165, 0], [190, 151, 3.5], [217, 218, 0], [434.0, 415, 2.0], [297.0, 268, 2.5], [293.0, 359, -7.0], [404.0, 350, 5.0]]


--RUN 20--
Population Size: 100
Generations: 100
Maximum Total Score: 4139.0
Maximum Distance Score: 4000
Maximum Target Score: 32.5
Best Overall Total Score: 4139.0
Distance Score of Best Overall: 4000
Target Score of Best Overall: 14.0
Theoretical Maximum Score: 6360

PARAMETERS:
Random Seed: 14957
Mu: [8, 4, 4]   Mu Weights: None    Lambda: 84
Population Size: 100
Maximum Allowed Distance: 4000
Plane Y Speed: -3.5     Plane X Speed: 3
Multi-Objective Weight Function: distanceScore + (10 * targetScore)
Range of Horizontal Space between Adjacent Radar Pairs: 175 - 340
Range of Gap (Vertical Space) between Pair of Radars:  120 - 180
Minimum Length of Radar Beam: 80
Mutation Probability (Weighted for low maximum total scores): 1.5%
Number of Columns: 250
Number of Levels Back: 200

LISTS:
List of Best in Generation for Total Score: [0, 169, 207, 169, 3714.0, 3434.0, 3596.0, 4059.0, 3579.0, 2063.0, 3122.0, 2906.0, 3354.0, 3309.0, 3142.0, 3384.0, 2589.0, 2343.0, 2594.0, 2990.0, 2750.0, 2489.0, 3034.0, 2174.0, 2279.0, 2342.0, 3067.0, 2234.0, 2909.0, 2724.0, 2470.0, 2677.0, 2804.0, 2858.0, 2734.0, 3064.0, 2509.0, 1959.0, 2346.0, 2184.0, 2579.0, 2544.0, 1861.0, 1955.0, 3054.0, 2939.0, 3159.0, 2588.0, 2395.0, 2349.0, 2194.0, 1967.0, 2378.0, 2554.0, 2529.0, 2390.0, 2428.0, 2284.0, 2817.0, 2557.0, 2494.0, 2090.0, 2070.0, 3519.0, 3710.0, 3409.0, 3484.0, 3409.0, 3614.0, 3219.0, 3467.0, 3274.0, 3328.0, 3424.0, 3504.0, 3364.0, 3329.0, 2913.0, 3839.0, 3659.0, 3999, 3999, 3999, 3999, 3999, 4049.0, 3999, 3999, 3999, 4139.0, 3999, 4089.0, 3999, 3999, 3999, 3999, 3999, 3999, 3999.0, 3999]
List of Best in All Previous Generations for Total Score: [0, 169, 207, 207, 3714.0, 3714.0, 3714.0, 4059.0, 4059.0, 4059.0, 4059.0, 4059.0, 4059.0, 4059.0, 4059.0, 4059.0, 4059.0, 4059.0, 4059.0, 4059.0, 4059.0, 4059.0, 4059.0, 4059.0, 4059.0, 4059.0, 4059.0, 4059.0, 4059.0, 4059.0, 4059.0, 4059.0, 4059.0, 4059.0, 4059.0, 4059.0, 4059.0, 4059.0, 4059.0, 4059.0, 4059.0, 4059.0, 4059.0, 4059.0, 4059.0, 4059.0, 4059.0, 4059.0, 4059.0, 4059.0, 4059.0, 4059.0, 4059.0, 4059.0, 4059.0, 4059.0, 4059.0, 4059.0, 4059.0, 4059.0, 4059.0, 4059.0, 4059.0, 4059.0, 4059.0, 4059.0, 4059.0, 4059.0, 4059.0, 4059.0, 4059.0, 4059.0, 4059.0, 4059.0, 4059.0, 4059.0, 4059.0, 4059.0, 4059.0, 4059.0, 4059.0, 4059.0, 4059.0, 4059.0, 4059.0, 4059.0, 4059.0, 4059.0, 4059.0, 4139.0, 4139.0, 4139.0, 4139.0, 4139.0, 4139.0, 4139.0, 4139.0, 4139.0, 4139.0, 4139.0]
List of Best in Generation for Distance Score: [0, 170, 443, 913, 4000, 4000, 4000, 4000, 4000, 4000, 4000, 4000, 4000, 4000, 4000, 4000, 4000, 4000, 4000, 4000, 4000, 4000, 4000, 4000, 4000, 4000, 4000, 4000, 4000, 4000, 4000, 4000, 4000, 4000, 4000, 4000, 4000, 4000, 4000, 4000, 4000, 4000, 4000, 4000, 4000, 4000, 4000, 4000, 4000, 4000, 4000, 4000, 4000, 4000, 4000, 4000, 4000, 4000, 4000, 4000, 4000, 4000, 4000, 4000, 4000, 4000, 4000, 4000, 4000, 4000, 4000, 4000, 4000, 4000, 4000, 4000, 4000, 4000, 4000, 4000, 4000, 4000, 4000, 4000, 4000, 4000, 4000, 4000, 4000, 4000, 4000, 4000, 4000, 4000, 4000, 4000, 4000, 4000, 4000, 4000]
List of Best in All Previous Generations for Distance Score: [0, 170, 443, 913, 4000, 4000, 4000, 4000, 4000, 4000, 4000, 4000, 4000, 4000, 4000, 4000, 4000, 4000, 4000, 4000, 4000, 4000, 4000, 4000, 4000, 4000, 4000, 4000, 4000, 4000, 4000, 4000, 4000, 4000, 4000, 4000, 4000, 4000, 4000, 4000, 4000, 4000, 4000, 4000, 4000, 4000, 4000, 4000, 4000, 4000, 4000, 4000, 4000, 4000, 4000, 4000, 4000, 4000, 4000, 4000, 4000, 4000, 4000, 4000, 4000, 4000, 4000, 4000, 4000, 4000, 4000, 4000, 4000, 4000, 4000, 4000, 4000, 4000, 4000, 4000, 4000, 4000, 4000, 4000, 4000, 4000, 4000, 4000, 4000, 4000, 4000, 4000, 4000, 4000, 4000, 4000, 4000, 4000, 4000, 4000]
List of Best in Generation for Target Score: [0, 0, 4, 0, 4, 8, 0, 15.5, 4, 0, 11.5, 0, 4, 21.0, 4, 0, 4, 0, 8.0, 9.0, 4, 8, 0, 0, 4, 4, 4, 11.5, 12.0, 4, 4, 0, 4.5, 26.5, 3.0, 8, 4, 4, 4, 4, 0, 4, 0, 4, 4, 4, 5.5, 5.5, 9.5, 4, 4, 8, 4, 12, 12, 8, 0, 0, 4, 4, 4, 4, 4, 8, 4, 4, 4, 8, 8, 0.5, 0, 11.5, 4, 4, 4, 4, 8, 4, 7.0, 4, 3.0, 4, 7.0, 0, 8, 13.0, 6.5, 4, 7.5, 14.5, 8, 10.0, 7.0, 16.5, 16, 24.5, 9.5, 32.5, 11.0, 8]
List of Best in All Previous Generations for Target Score: [0, 0, 4, 4, 4, 8, 8, 15.5, 15.5, 15.5, 15.5, 15.5, 15.5, 21.0, 21.0, 21.0, 21.0, 21.0, 21.0, 21.0, 21.0, 21.0, 21.0, 21.0, 21.0, 21.0, 21.0, 21.0, 21.0, 21.0, 21.0, 21.0, 21.0, 26.5, 26.5, 26.5, 26.5, 26.5, 26.5, 26.5, 26.5, 26.5, 26.5, 26.5, 26.5, 26.5, 26.5, 26.5, 26.5, 26.5, 26.5, 26.5, 26.5, 26.5, 26.5, 26.5, 26.5, 26.5, 26.5, 26.5, 26.5, 26.5, 26.5, 26.5, 26.5, 26.5, 26.5, 26.5, 26.5, 26.5, 26.5, 26.5, 26.5, 26.5, 26.5, 26.5, 26.5, 26.5, 26.5, 26.5, 26.5, 26.5, 26.5, 26.5, 26.5, 26.5, 26.5, 26.5, 26.5, 26.5, 26.5, 26.5, 26.5, 26.5, 26.5, 26.5, 26.5, 32.5, 32.5, 32.5]
List of Scores for the Best Overall Plane in Each Generation: [[0, 0, 0], [169, 170, 0], [207, 208, 0], [169, 170, 0], [3714.0, 4000, -28.5], [3434.0, 4000, -56.5], [3596.0, 3987, -39.5], [4059.0, 3980, 7.5], [3579.0, 4000, -42.0], [2063.0, 3964, -190.5], [3122.0, 3653, -53.5], [2906.0, 3977, -107.5], [3354.0, 4000, -64.5], [3309.0, 4000, -69.0], [3142.0, 3998, -86.0], [3384.0, 4000, -61.5], [2589.0, 3960, -137.5], [2343.0, 3989, -165.0], [2594.0, 4000, -140.5], [2990.0, 3996, -101.0], [2750.0, 3951, -120.5], [2489.0, 4000, -151.0], [3034.0, 4000, -96.5], [2174.0, 4000, -182.5], [2279.0, 4000, -172.0], [2342.0, 3983, -164.5], [3067.0, 3963, -90.0], [2234.0, 4000, -176.5], [2909.0, 4000, -109.0], [2724.0, 4000, -123.5], [2470.0, 3851, -138.5], [2677.0, 3998, -132.5], [2804.0, 3995, -119.5], [2858.0, 3869, -101.5], [2734.0, 4000, -126.5], [3064.0, 4000, -93.5], [2509.0, 4000, -149.0], [1959.0, 3995, -204.0], [2346.0, 3982, -164.0], [2184.0, 3970, -179.0], [2579.0, 4000, -142.0], [2544.0, 4000, -145.5], [1861.0, 3952, -209.5], [1955.0, 3081, -113.0], [3054.0, 4000, -94.5], [2939.0, 4000, -106.0], [3159.0, 4000, -84.0], [2588.0, 3674, -109.0], [2395.0, 3821, -143.0], [2349.0, 4000, -165.0], [2194.0, 3990, -180.0], [1967.0, 3973, -201.0], [2378.0, 3989, -161.5], [2554.0, 3960, -141.0], [2529.0, 4000, -147.0], [2390.0, 3956, -157.0], [2428.0, 3969, -154.5], [2284.0, 4000, -171.5], [2817.0, 3993, -118.0], [2557.0, 3973, -142.0], [2494.0, 4000, -150.5], [2090.0, 3986, -190.0], [2070.0, 3976, -191.0], [3519.0, 4000, -48.0], [3710.0, 3956, -25.0], [3409.0, 4000, -59.0], [3484.0, 4000, -51.5], [3409.0, 4000, -59.0], [3614.0, 4000, -38.5], [3219.0, 4000, -78.0], [3467.0, 3978, -51.5], [3274.0, 4000, -72.5], [3328.0, 3969, -64.5], [3424.0, 4000, -57.5], [3504.0, 4000, -49.5], [3364.0, 3945, -58.5], [3329.0, 4000, -67.0], [2913.0, 3974, -106.5], [3839.0, 4000, -16.0], [3659.0, 4000, -34.0], [3999, 4000, 0], [3999, 4000, 0], [3999, 4000, 0], [3999, 4000, 0], [3999, 4000, 0], [4049.0, 4000, 5.0], [3999, 4000, 0], [3999, 4000, 0], [3999, 4000, 0], [4139.0, 4000, 14.0], [3999, 4000, 0], [4089.0, 4000, 9.0], [3999, 4000, 0], [3999, 4000, 0], [3999, 4000, 0], [3999, 4000, 0], [3999, 4000, 0], [3999, 4000, 0], [3999.0, 4000, 0.0], [3999, 4000, 0]]


--RUN 21--
Population Size: 2
Generations: 25
Maximum Total Score: 145
Maximum Distance Score: 106
Maximum Target Score: 4
Best Overall Total Score: 145
Distance Score of Best Overall: 106
Target Score of Best Overall: 4
Theoretical Maximum Score: 4020

PARAMETERS:
Random Seed: 14957
Mu: [1, 0, 0]   Mu Weights: None    Lambda: 1
Population Size: 2
Maximum Allowed Distance: 4000
Plane Y Speed: -3.5     Plane X Speed: 3
Multi-Objective Weight Function: distanceScore + (10 * targetScore)
Range of Horizontal Space between Adjacent Radar Pairs: 175 - 340
Range of Gap (Vertical Space) between Pair of Radars:  120 - 180
Minimum Length of Radar Beam: 80
Mutation Probability (Weighted for low maximum total scores): 1.5%
Number of Columns: 250
Number of Levels Back: 200

LISTS:
List of Best in Generation for Total Score: [0, 52, 52, 71, 92, 52, 52, 52, 52, 52, 92, 77, 57, 52, 52, 145, 76, 81, 52, 52, 52, 63, 52, 57, 52]
List of Best in All Previous Generations for Total Score: [0, 52, 52, 71, 92, 92, 92, 92, 92, 92, 92, 92, 92, 92, 92, 145, 145, 145, 145, 145, 145, 145, 145, 145, 145]
List of Best in Generation for Distance Score: [0, 53, 53, 72, 93, 53, 53, 53, 53, 53, 93, 78, 58, 53, 53, 106, 77, 82, 53, 53, 53, 64, 53, 58, 53]
List of Best in All Previous Generations for Distance Score: [0, 53, 53, 72, 93, 93, 93, 93, 93, 93, 93, 93, 93, 93, 93, 106, 106, 106, 106, 106, 106, 106, 106, 106, 106]
List of Best in Generation for Target Score: [0, 0, 0, 0, 0, 0, 0, 0, 0, 0, 0, 0, 0, 0, 0, 4, 0, 0, 0, 0, 0, 0, 0, 0, 0]
List of Best in All Previous Generations for Target Score: [0, 0, 0, 0, 0, 0, 0, 0, 0, 0, 0, 0, 0, 0, 0, 4, 4, 4, 4, 4, 4, 4, 4, 4, 4]
List of Scores for the Best Overall Plane in Each Generation: [[0, 0, 0], [52, 53, 0], [52, 53, 0], [71, 72, 0], [92, 93, 0], [52, 53, 0], [52, 53, 0], [52, 53, 0], [52, 53, 0], [52, 53, 0], [92, 93, 0], [77, 78, 0], [57, 58, 0], [52, 53, 0], [52, 53, 0], [145, 106, 4], [76, 77, 0], [81, 82, 0], [52, 53, 0], [52, 53, 0], [52, 53, 0], [63, 64, 0], [52, 53, 0], [57, 58, 0], [52, 53, 0]]
