--RUN 1--
Population Size: 30
Generations: 100
Maximum Total Score: 1859.0
Maximum Distance Score: 5000
Maximum Target Score: 12
Best Overall Total Score: 1859.0
Distance Score of Best Overall: 2685
Target Score of Best Overall: -83.0
Theoretical Maximum Score: 9360

PARAMETERS:
Random Seed: 27704
Mu: [3, 2, 2]   Mu Weights: [7, 14, 21, 45, 69, 93, 100]    Lambda: 23
Population Size: 30
Maximum Allowed Distance: 5000
Plane Y Speed: -3.5     Plane X Speed: 3
Multi-Objective Weight Function: distanceScore + (10 * targetScore)
Range of Horizontal Space between Adjacent Radar Pairs: 175 - 340
Range of Gap (Vertical Space) between Pair of Radars:  120 - 180
Minimum Length of Radar Beam: 80
Mutation Probability (Weighted for low maximum total scores): 0.001
Number of Columns: 250
Number of Levels Back: 250

LISTS:
List of Best in Generation for Total Score: [0, 101, 150, 157, 230, 230, 359.0, 67, 217.0, 190, 150, 230, 190, 158, 191, 242.0, 185.0, 164, 270, 190, 151, 230, 150, 190, 213, 247.0, 230, 150, 166.0, 190, 188.0, 226.0, 150, 188, 190, 190, 225, 150, 150, 194, 231, 213, 190, 190, 190, 196, 230, 230, 311, 210.0, 230, 190, 190, 176, 230, 190, 225, 190, 199, 270, 150, 192, 219, 150, 150, 1083.0, 952.0, 326.0, 282.0, 599.0, 1859.0, 616.0, 364.0, 376.0, 1416.0, 1543.0, 384.0, 265.0, 150, 150, 190, 199.0, 150, 150, 190, 210, 227, 190, 150, 230, 230, 199, 190, 233.0, 150, 190, 230, 190, 150, 150]
List of Best in All Previous Generations for Total Score: [0, 101, 150, 157, 230, 230, 359.0, 359.0, 359.0, 359.0, 359.0, 359.0, 359.0, 359.0, 359.0, 359.0, 359.0, 359.0, 359.0, 359.0, 359.0, 359.0, 359.0, 359.0, 359.0, 359.0, 359.0, 359.0, 359.0, 359.0, 359.0, 359.0, 359.0, 359.0, 359.0, 359.0, 359.0, 359.0, 359.0, 359.0, 359.0, 359.0, 359.0, 359.0, 359.0, 359.0, 359.0, 359.0, 359.0, 359.0, 359.0, 359.0, 359.0, 359.0, 359.0, 359.0, 359.0, 359.0, 359.0, 359.0, 359.0, 359.0, 359.0, 359.0, 359.0, 1083.0, 1083.0, 1083.0, 1083.0, 1083.0, 1859.0, 1859.0, 1859.0, 1859.0, 1859.0, 1859.0, 1859.0, 1859.0, 1859.0, 1859.0, 1859.0, 1859.0, 1859.0, 1859.0, 1859.0, 1859.0, 1859.0, 1859.0, 1859.0, 1859.0, 1859.0, 1859.0, 1859.0, 1859.0, 1859.0, 1859.0, 1859.0, 1859.0, 1859.0, 1859.0]
List of Best in Generation for Distance Score: [0, 102, 465, 165, 180, 216, 405, 68, 275, 188, 257, 3107, 1216, 4251, 3408, 1765, 4899, 3174, 2428, 1067, 4242, 5000, 5000, 5000, 5000, 5000, 5000, 5000, 5000, 5000, 5000, 5000, 5000, 5000, 5000, 5000, 5000, 5000, 5000, 5000, 5000, 5000, 5000, 5000, 5000, 5000, 5000, 5000, 5000, 5000, 5000, 5000, 5000, 5000, 5000, 5000, 5000, 5000, 5000, 5000, 5000, 5000, 5000, 5000, 5000, 5000, 5000, 5000, 5000, 5000, 5000, 5000, 5000, 5000, 5000, 5000, 5000, 5000, 5000, 5000, 5000, 5000, 5000, 5000, 5000, 5000, 5000, 5000, 5000, 5000, 5000, 5000, 5000, 5000, 5000, 5000, 5000, 5000, 5000, 5000]
List of Best in All Previous Generations for Distance Score: [0, 102, 465, 465, 465, 465, 465, 465, 465, 465, 465, 3107, 3107, 4251, 4251, 4251, 4899, 4899, 4899, 4899, 4899, 5000, 5000, 5000, 5000, 5000, 5000, 5000, 5000, 5000, 5000, 5000, 5000, 5000, 5000, 5000, 5000, 5000, 5000, 5000, 5000, 5000, 5000, 5000, 5000, 5000, 5000, 5000, 5000, 5000, 5000, 5000, 5000, 5000, 5000, 5000, 5000, 5000, 5000, 5000, 5000, 5000, 5000, 5000, 5000, 5000, 5000, 5000, 5000, 5000, 5000, 5000, 5000, 5000, 5000, 5000, 5000, 5000, 5000, 5000, 5000, 5000, 5000, 5000, 5000, 5000, 5000, 5000, 5000, 5000, 5000, 5000, 5000, 5000, 5000, 5000, 5000, 5000, 5000, 5000]
List of Best in Generation for Target Score: [0, 0, 0, 0, 8, 8, 0, 0, 4, 4, 0, 8, 4, 0, 0, 0, 0, 0, 12, 4, 0, 8, 0, 4, 4, 4, 8, 0, 0, 4, 0, 4, 0, 0, 4, 4, 0, 0, 0, 0, 4, 4, 4, 4, 4, 4, 8, 8, 0, 4, 8, 4, 4, 4, 8, 4, 4, 4, 4, 12, 0, 4, 4, 0, 0, 4, 8, 4, 4, 12, 8.5, 0, 4, 4, 8, 7.5, 6.0, 8, 0, 0, 4, 0, 0, 0, 4, 4, 8, 4, 0, 8, 8, 4, 4, 4, 0, 4, 8, 4, 0, 0]
List of Best in All Previous Generations for Target Score: [0, 0, 0, 0, 8, 8, 8, 8, 8, 8, 8, 8, 8, 8, 8, 8, 8, 8, 12, 12, 12, 12, 12, 12, 12, 12, 12, 12, 12, 12, 12, 12, 12, 12, 12, 12, 12, 12, 12, 12, 12, 12, 12, 12, 12, 12, 12, 12, 12, 12, 12, 12, 12, 12, 12, 12, 12, 12, 12, 12, 12, 12, 12, 12, 12, 12, 12, 12, 12, 12, 12, 12, 12, 12, 12, 12, 12, 12, 12, 12, 12, 12, 12, 12, 12, 12, 12, 12, 12, 12, 12, 12, 12, 12, 12, 12, 12, 12, 12, 12]
List of Scores for the Best Overall Plane in Each Generation: [[0, 0, 0], [101, 102, 0], [150, 151, -20.0], [157, 158, 0], [230, 151, 7.5], [230, 151, 7.5], [359.0, 405, -4.5], [67, 68, 0], [217.0, 228, -1.5], [190, 151, 3.5], [150, 151, -0.5], [230.0, 211, 1.5], [190, 151, 3.5], [158, 159, 0], [191, 192, 0], [242.0, 278, -4.0], [185.0, 226, -4.5], [164, 165, -0.5], [270, 151, 11.5], [190, 151, 3.5], [151, 152, -19.0], [230, 151, 7.5], [150, 151, -0.5], [190, 151, 3.5], [213, 214, -0.5], [247.0, 253, -1.0], [230, 151, 7.5], [150, 151, -0.5], [166.0, 782, -61.5], [190, 151, 3.5], [188.0, 229, -4.5], [226.0, 212, 1.0], [150, 151, -0.5], [188, 189, 0], [190, 151, 3.5], [190, 151, 3.5], [225, 226, -0.5], [150, 151, -0.5], [150, 151, -0.5], [194, 195, 0], [231, 232, 0], [213, 214, 0], [190, 151, 3.5], [190, 151, 3.5], [190, 151, 3.5], [196, 197, 0], [230, 151, 7.5], [230, 151, 7.5], [311, 312, 0], [210.0, 276, -6.5], [230, 151, 7.5], [190, 151, 3.5], [190, 151, 3.5], [176, 137, 4], [230, 151, 7.5], [190, 151, 3.5], [225, 226, -0.5], [190, 151, 3.5], [199, 200, 0], [270, 151, 11.5], [150, 151, -0.5], [192, 193, -0.5], [219, 180, 3.5], [150, 151, -0.5], [150, 151, -0.5], [1083.0, 1514, -43.0], [952.0, 1303, -35.0], [326.0, 352, 1.5], [282.0, 308, -3.0], [599.0, 910, -31.5], [1859.0, 2685, -83.0], [616.0, 1087, -47.5], [364.0, 355, 0.5], [376.0, 452, -8.0], [1416.0, 1952, -53.5], [1543.0, 1969, -42.5], [384.0, 420, -3.5], [265.0, 256, 0.5], [150, 151, -0.5], [150, 151, -0.5], [190, 151, 3.5], [199.0, 205, -0.5], [150, 151, -0.5], [150, 151, -20.0], [190, 151, 3.5], [210, 211, -0.5], [227, 148, 8], [190, 151, 3.5], [150, 151, -0.5], [230, 151, 7.5], [230, 151, 7.5], [199, 200, 0], [190, 151, 3.5], [233.0, 279, -5.0], [150, 151, -0.5], [190, 151, 3.5], [230, 151, 7.5], [190, 151, 3.5], [150, 151, -0.5], [150, 151, -0.5]]

--RUN 2--
Population Size: 30
Generations: 100
Maximum Total Score: 4853.0
Maximum Distance Score: 5000
Maximum Target Score: 12
Best Overall Total Score: 4853.0
Distance Score of Best Overall: 4914
Target Score of Best Overall: -6.0
Theoretical Maximum Score: 7760

PARAMETERS:
Random Seed: 27704
Mu: [3, 2, 2]   Mu Weights: [7, 14, 21, 45, 69, 93, 100]    Lambda: 23
Population Size: 30
Maximum Allowed Distance: 5000
Plane Y Speed: -3.5     Plane X Speed: 3
Multi-Objective Weight Function: distanceScore + (10 * targetScore)
Range of Horizontal Space between Adjacent Radar Pairs: 175 - 340
Range of Gap (Vertical Space) between Pair of Radars:  120 - 180
Minimum Length of Radar Beam: 80
Mutation Probability (Weighted for low maximum total scores): 1.001
Number of Columns: 250
Number of Levels Back: 250

LISTS:
List of Best in Generation for Total Score: [0, 101, 150, 111, 468, 491, 157, 174, 280, 362, 581.0, 352, 375, 262, 703.0, 262.0, 742.0, 199.0, 351, 230, 258, 230, 190, 151, 219, 190, 173, 230, 290, 205, 236, 230, 389, 236.0, 150, 190, 257, 230, 274, 317, 208, 190, 190, 376.0, 272.0, 232, 150, 191, 294, 234, 190, 190, 230, 230, 190, 501, 190, 238, 190, 461.0, 150, 150, 198, 337, 326, 1218, 618, 1028, 1100.0, 619, 1302, 1851, 881, 1446, 222, 540, 331, 552, 4853.0, 2572, 3632, 1375, 923, 2234, 313, 372.0, 1187.0, 275, 480, 359, 308, 660, 230, 3030.0, 230, 2391.0, 743, 2201.0, 2340.0, 2489.0]
List of Best in All Previous Generations for Total Score: [0, 101, 150, 150, 468, 491, 491, 491, 491, 491, 581.0, 581.0, 581.0, 581.0, 703.0, 703.0, 742.0, 742.0, 742.0, 742.0, 742.0, 742.0, 742.0, 742.0, 742.0, 742.0, 742.0, 742.0, 742.0, 742.0, 742.0, 742.0, 742.0, 742.0, 742.0, 742.0, 742.0, 742.0, 742.0, 742.0, 742.0, 742.0, 742.0, 742.0, 742.0, 742.0, 742.0, 742.0, 742.0, 742.0, 742.0, 742.0, 742.0, 742.0, 742.0, 742.0, 742.0, 742.0, 742.0, 742.0, 742.0, 742.0, 742.0, 742.0, 742.0, 1218, 1218, 1218, 1218, 1218, 1302, 1851, 1851, 1851, 1851, 1851, 1851, 1851, 4853.0, 4853.0, 4853.0, 4853.0, 4853.0, 4853.0, 4853.0, 4853.0, 4853.0, 4853.0, 4853.0, 4853.0, 4853.0, 4853.0, 4853.0, 4853.0, 4853.0, 4853.0, 4853.0, 4853.0, 4853.0, 4853.0]
List of Best in Generation for Distance Score: [0, 102, 222, 112, 469, 492, 158, 175, 281, 363, 657, 445, 524, 259, 946, 467, 5000, 5000, 5000, 5000, 5000, 5000, 5000, 5000, 5000, 5000, 5000, 5000, 5000, 5000, 5000, 5000, 5000, 5000, 5000, 5000, 5000, 5000, 5000, 5000, 5000, 5000, 5000, 5000, 5000, 5000, 5000, 5000, 5000, 5000, 5000, 5000, 5000, 5000, 5000, 5000, 5000, 5000, 5000, 5000, 5000, 5000, 5000, 5000, 5000, 5000, 5000, 5000, 5000, 5000, 5000, 5000, 5000, 5000, 5000, 5000, 5000, 5000, 5000, 5000, 5000, 5000, 5000, 5000, 5000, 5000, 5000, 5000, 5000, 5000, 5000, 5000, 5000, 5000, 5000, 5000, 5000, 5000, 5000, 5000]
List of Best in All Previous Generations for Distance Score: [0, 102, 222, 222, 469, 492, 492, 492, 492, 492, 657, 657, 657, 657, 946, 946, 5000, 5000, 5000, 5000, 5000, 5000, 5000, 5000, 5000, 5000, 5000, 5000, 5000, 5000, 5000, 5000, 5000, 5000, 5000, 5000, 5000, 5000, 5000, 5000, 5000, 5000, 5000, 5000, 5000, 5000, 5000, 5000, 5000, 5000, 5000, 5000, 5000, 5000, 5000, 5000, 5000, 5000, 5000, 5000, 5000, 5000, 5000, 5000, 5000, 5000, 5000, 5000, 5000, 5000, 5000, 5000, 5000, 5000, 5000, 5000, 5000, 5000, 5000, 5000, 5000, 5000, 5000, 5000, 5000, 5000, 5000, 5000, 5000, 5000, 5000, 5000, 5000, 5000, 5000, 5000, 5000, 5000, 5000, 5000]
List of Best in Generation for Target Score: [0, 0, 0, 4, 0, 8, 0, 0, 0, 8, 4, 0, 8, 4, 8, 4, 4, 4, 8, 8, 12, 8, 4, 0, 4, 4, 0, 8, 0, 4, 4, 8, 0, 8, 0, 4, 0, 8, 4, 4.5, 0, 4, 4, 4, 8, 0, 0, 4, 4, 0, 4, 4, 8, 8, 4, 4, 4, 4, 4, 8, 0, 0, 4, 4, 8, 8, 12, 0, 0, 4, 8, 12, 4, 4, 4, 0, 4, 4, 0, 8, 12, 8, 4, 4, 3.5, 4, 8, 0, 8, 4, 4, 4, 8, 4, 8, 0, 0, 0, 0, 12]
List of Best in All Previous Generations for Target Score: [0, 0, 0, 4, 4, 8, 8, 8, 8, 8, 8, 8, 8, 8, 8, 8, 8, 8, 8, 8, 12, 12, 12, 12, 12, 12, 12, 12, 12, 12, 12, 12, 12, 12, 12, 12, 12, 12, 12, 12, 12, 12, 12, 12, 12, 12, 12, 12, 12, 12, 12, 12, 12, 12, 12, 12, 12, 12, 12, 12, 12, 12, 12, 12, 12, 12, 12, 12, 12, 12, 12, 12, 12, 12, 12, 12, 12, 12, 12, 12, 12, 12, 12, 12, 12, 12, 12, 12, 12, 12, 12, 12, 12, 12, 12, 12, 12, 12, 12, 12]
List of Scores for the Best Overall Plane in Each Generation: [[0, 0, 0], [101, 102, 0], [150, 151, -20.0], [111, 112, 0], [468, 469, 0], [491, 492, 0], [157, 158, 0], [174, 175, 0], [280, 281, 0], [362, 363, 0], [581.0, 657, -7.5], [352, 353, 0], [375, 296, 7.5], [262, 223, 3.5], [703.0, 824, -12.5], [262.0, 288, -3.0], [742.0, 1628, -89.0], [199.0, 1160, -96.5], [351, 352, 0], [230, 151, 7.5], [258, 139, 12], [230, 151, 7.5], [190, 151, 3.5], [151, 152, -5.0], [219, 220, -0.5], [190, 151, 3.5], [173, 174, 0], [230, 151, 7.5], [290, 291, 0], [205, 206, 0], [236, 237, 0], [230, 151, 7.5], [389, 390, 0], [236.0, 237, -0.5], [150, 151, -0.5], [190, 151, 3.5], [257, 258, 0], [230, 151, 7.5], [274.0, 280, -0.5], [317, 318, 0], [208, 209, 0], [190, 151, 3.5], [190, 151, 3.5], [376.0, 382, -0.5], [272.0, 298, -2.5], [232, 233, 0], [150, 151, -0.5], [191, 152, -12.5], [294, 295, 0], [234, 235, 0], [190, 151, 3.5], [190, 151, 3.5], [230, 151, 7.5], [230, 151, 7.5], [190, 151, 3.5], [501, 502, 0], [190, 151, 3.5], [238, 239, 0], [190, 151, 3.5], [461.0, 557, -9.5], [150, 151, -0.5], [150, 151, -0.5], [198, 199, 0], [337, 338, 0], [326, 327, 0], [1218, 1219, 0], [618, 619, 0], [1028, 1029, 0], [1100.0, 1171, -7.0], [619, 620, 0], [1302, 1303, 0], [1851, 1852, 0], [881, 882, 0], [1446, 1447, 0], [222, 223, 0], [540, 541, 0], [331, 332, 0], [552, 553, 0], [4853.0, 4914, -6.0], [2572, 2573, 0], [3632, 3633, 0], [1375, 1376, 0], [923, 924, 0], [2234, 2235, 0], [313, 314, 0], [372.0, 438, -6.5], [1187.0, 1238, -5.0], [275, 276, 0], [480, 481, 0], [359, 360, 0], [308, 309, 0], [660, 661, 0], [230, 151, 7.5], [3030.0, 3066, -3.5], [230, 151, 7.5], [2391.0, 2417, -2.5], [743, 744, 0], [2201.0, 2277, -7.5], [2340.0, 4871, -253.5], [2489.0, 5000, -251.0]]

--RUN 3--
Population Size: 30
Generations: 100
Maximum Total Score: 4853.0
Maximum Distance Score: 5000
Maximum Target Score: 12
Best Overall Total Score: 4853.0
Distance Score of Best Overall: 4914
Target Score of Best Overall: -6.0
Theoretical Maximum Score: 7760

PARAMETERS:
Random Seed: 27704
Mu: [3, 2, 2]   Mu Weights: [7, 14, 21, 45, 69, 93, 100]    Lambda: 23
Population Size: 30
Maximum Allowed Distance: 5000
Plane Y Speed: -3.5     Plane X Speed: 3
Multi-Objective Weight Function: distanceScore + (10 * targetScore)
Range of Horizontal Space between Adjacent Radar Pairs: 175 - 340
Range of Gap (Vertical Space) between Pair of Radars:  120 - 180
Minimum Length of Radar Beam: 80
Mutation Probability (Weighted for low maximum total scores): 2.001
Number of Columns: 250
Number of Levels Back: 250

LISTS:
List of Best in Generation for Total Score: [0, 101, 150, 111, 468, 491, 157, 174, 280, 362, 581.0, 352, 375, 262, 703.0, 262.0, 742.0, 199.0, 351, 230, 258, 230, 190, 151, 219, 190, 173, 230, 290, 205, 236, 230, 389, 236.0, 150, 190, 257, 230, 274, 317, 208, 190, 190, 376.0, 272.0, 232, 150, 191, 294, 234, 190, 190, 230, 230, 190, 501, 190, 238, 190, 461.0, 150, 150, 198, 337, 326, 1218, 618, 1028, 1100.0, 619, 1302, 1851, 881, 1446, 222, 540, 331, 552, 4853.0, 2572, 3632, 1375, 923, 2234, 313, 372.0, 1187.0, 275, 480, 359, 308, 660, 230, 3030.0, 230, 2391.0, 743, 2201.0, 2340.0, 2489.0]
List of Best in All Previous Generations for Total Score: [0, 101, 150, 150, 468, 491, 491, 491, 491, 491, 581.0, 581.0, 581.0, 581.0, 703.0, 703.0, 742.0, 742.0, 742.0, 742.0, 742.0, 742.0, 742.0, 742.0, 742.0, 742.0, 742.0, 742.0, 742.0, 742.0, 742.0, 742.0, 742.0, 742.0, 742.0, 742.0, 742.0, 742.0, 742.0, 742.0, 742.0, 742.0, 742.0, 742.0, 742.0, 742.0, 742.0, 742.0, 742.0, 742.0, 742.0, 742.0, 742.0, 742.0, 742.0, 742.0, 742.0, 742.0, 742.0, 742.0, 742.0, 742.0, 742.0, 742.0, 742.0, 1218, 1218, 1218, 1218, 1218, 1302, 1851, 1851, 1851, 1851, 1851, 1851, 1851, 4853.0, 4853.0, 4853.0, 4853.0, 4853.0, 4853.0, 4853.0, 4853.0, 4853.0, 4853.0, 4853.0, 4853.0, 4853.0, 4853.0, 4853.0, 4853.0, 4853.0, 4853.0, 4853.0, 4853.0, 4853.0, 4853.0]
List of Best in Generation for Distance Score: [0, 102, 222, 112, 469, 492, 158, 175, 281, 363, 657, 445, 524, 259, 946, 467, 5000, 5000, 5000, 5000, 5000, 5000, 5000, 5000, 5000, 5000, 5000, 5000, 5000, 5000, 5000, 5000, 5000, 5000, 5000, 5000, 5000, 5000, 5000, 5000, 5000, 5000, 5000, 5000, 5000, 5000, 5000, 5000, 5000, 5000, 5000, 5000, 5000, 5000, 5000, 5000, 5000, 5000, 5000, 5000, 5000, 5000, 5000, 5000, 5000, 5000, 5000, 5000, 5000, 5000, 5000, 5000, 5000, 5000, 5000, 5000, 5000, 5000, 5000, 5000, 5000, 5000, 5000, 5000, 5000, 5000, 5000, 5000, 5000, 5000, 5000, 5000, 5000, 5000, 5000, 5000, 5000, 5000, 5000, 5000]
List of Best in All Previous Generations for Distance Score: [0, 102, 222, 222, 469, 492, 492, 492, 492, 492, 657, 657, 657, 657, 946, 946, 5000, 5000, 5000, 5000, 5000, 5000, 5000, 5000, 5000, 5000, 5000, 5000, 5000, 5000, 5000, 5000, 5000, 5000, 5000, 5000, 5000, 5000, 5000, 5000, 5000, 5000, 5000, 5000, 5000, 5000, 5000, 5000, 5000, 5000, 5000, 5000, 5000, 5000, 5000, 5000, 5000, 5000, 5000, 5000, 5000, 5000, 5000, 5000, 5000, 5000, 5000, 5000, 5000, 5000, 5000, 5000, 5000, 5000, 5000, 5000, 5000, 5000, 5000, 5000, 5000, 5000, 5000, 5000, 5000, 5000, 5000, 5000, 5000, 5000, 5000, 5000, 5000, 5000, 5000, 5000, 5000, 5000, 5000, 5000]
List of Best in Generation for Target Score: [0, 0, 0, 4, 0, 8, 0, 0, 0, 8, 4, 0, 8, 4, 8, 4, 4, 4, 8, 8, 12, 8, 4, 0, 4, 4, 0, 8, 0, 4, 4, 8, 0, 8, 0, 4, 0, 8, 4, 4.5, 0, 4, 4, 4, 8, 0, 0, 4, 4, 0, 4, 4, 8, 8, 4, 4, 4, 4, 4, 8, 0, 0, 4, 4, 8, 8, 12, 0, 0, 4, 8, 12, 4, 4, 4, 0, 4, 4, 0, 8, 12, 8, 4, 4, 3.5, 4, 8, 0, 8, 4, 4, 4, 8, 4, 8, 0, 0, 0, 0, 12]
List of Best in All Previous Generations for Target Score: [0, 0, 0, 4, 4, 8, 8, 8, 8, 8, 8, 8, 8, 8, 8, 8, 8, 8, 8, 8, 12, 12, 12, 12, 12, 12, 12, 12, 12, 12, 12, 12, 12, 12, 12, 12, 12, 12, 12, 12, 12, 12, 12, 12, 12, 12, 12, 12, 12, 12, 12, 12, 12, 12, 12, 12, 12, 12, 12, 12, 12, 12, 12, 12, 12, 12, 12, 12, 12, 12, 12, 12, 12, 12, 12, 12, 12, 12, 12, 12, 12, 12, 12, 12, 12, 12, 12, 12, 12, 12, 12, 12, 12, 12, 12, 12, 12, 12, 12, 12]
List of Scores for the Best Overall Plane in Each Generation: [[0, 0, 0], [101, 102, 0], [150, 151, -20.0], [111, 112, 0], [468, 469, 0], [491, 492, 0], [157, 158, 0], [174, 175, 0], [280, 281, 0], [362, 363, 0], [581.0, 657, -7.5], [352, 353, 0], [375, 296, 7.5], [262, 223, 3.5], [703.0, 824, -12.5], [262.0, 288, -3.0], [742.0, 1628, -89.0], [199.0, 1160, -96.5], [351, 352, 0], [230, 151, 7.5], [258, 139, 12], [230, 151, 7.5], [190, 151, 3.5], [151, 152, -5.0], [219, 220, -0.5], [190, 151, 3.5], [173, 174, 0], [230, 151, 7.5], [290, 291, 0], [205, 206, 0], [236, 237, 0], [230, 151, 7.5], [389, 390, 0], [236.0, 237, -0.5], [150, 151, -0.5], [190, 151, 3.5], [257, 258, 0], [230, 151, 7.5], [274.0, 280, -0.5], [317, 318, 0], [208, 209, 0], [190, 151, 3.5], [190, 151, 3.5], [376.0, 382, -0.5], [272.0, 298, -2.5], [232, 233, 0], [150, 151, -0.5], [191, 152, -12.5], [294, 295, 0], [234, 235, 0], [190, 151, 3.5], [190, 151, 3.5], [230, 151, 7.5], [230, 151, 7.5], [190, 151, 3.5], [501, 502, 0], [190, 151, 3.5], [238, 239, 0], [190, 151, 3.5], [461.0, 557, -9.5], [150, 151, -0.5], [150, 151, -0.5], [198, 199, 0], [337, 338, 0], [326, 327, 0], [1218, 1219, 0], [618, 619, 0], [1028, 1029, 0], [1100.0, 1171, -7.0], [619, 620, 0], [1302, 1303, 0], [1851, 1852, 0], [881, 882, 0], [1446, 1447, 0], [222, 223, 0], [540, 541, 0], [331, 332, 0], [552, 553, 0], [4853.0, 4914, -6.0], [2572, 2573, 0], [3632, 3633, 0], [1375, 1376, 0], [923, 924, 0], [2234, 2235, 0], [313, 314, 0], [372.0, 438, -6.5], [1187.0, 1238, -5.0], [275, 276, 0], [480, 481, 0], [359, 360, 0], [308, 309, 0], [660, 661, 0], [230, 151, 7.5], [3030.0, 3066, -3.5], [230, 151, 7.5], [2391.0, 2417, -2.5], [743, 744, 0], [2201.0, 2277, -7.5], [2340.0, 4871, -253.5], [2489.0, 5000, -251.0]]

--RUN 4--
Population Size: 30
Generations: 100
Maximum Total Score: 4853.0
Maximum Distance Score: 5000
Maximum Target Score: 12
Best Overall Total Score: 4853.0
Distance Score of Best Overall: 4914
Target Score of Best Overall: -6.0
Theoretical Maximum Score: 7760

PARAMETERS:
Random Seed: 27704
Mu: [3, 2, 2]   Mu Weights: [7, 14, 21, 45, 69, 93, 100]    Lambda: 23
Population Size: 30
Maximum Allowed Distance: 5000
Plane Y Speed: -3.5     Plane X Speed: 3
Multi-Objective Weight Function: distanceScore + (10 * targetScore)
Range of Horizontal Space between Adjacent Radar Pairs: 175 - 340
Range of Gap (Vertical Space) between Pair of Radars:  120 - 180
Minimum Length of Radar Beam: 80
Mutation Probability (Weighted for low maximum total scores): 3.001
Number of Columns: 250
Number of Levels Back: 250

LISTS:
List of Best in Generation for Total Score: [0, 101, 150, 111, 468, 491, 157, 174, 280, 362, 581.0, 352, 375, 262, 703.0, 262.0, 742.0, 199.0, 351, 230, 258, 230, 190, 151, 219, 190, 173, 230, 290, 205, 236, 230, 389, 236.0, 150, 190, 257, 230, 274, 317, 208, 190, 190, 376.0, 272.0, 232, 150, 191, 294, 234, 190, 190, 230, 230, 190, 501, 190, 238, 190, 461.0, 150, 150, 198, 337, 326, 1218, 618, 1028, 1100.0, 619, 1302, 1851, 881, 1446, 222, 540, 331, 552, 4853.0, 2572, 3632, 1375, 923, 2234, 313, 372.0, 1187.0, 275, 480, 359, 308, 660, 230, 3030.0, 230, 2391.0, 743, 2201.0, 2340.0, 2489.0]
List of Best in All Previous Generations for Total Score: [0, 101, 150, 150, 468, 491, 491, 491, 491, 491, 581.0, 581.0, 581.0, 581.0, 703.0, 703.0, 742.0, 742.0, 742.0, 742.0, 742.0, 742.0, 742.0, 742.0, 742.0, 742.0, 742.0, 742.0, 742.0, 742.0, 742.0, 742.0, 742.0, 742.0, 742.0, 742.0, 742.0, 742.0, 742.0, 742.0, 742.0, 742.0, 742.0, 742.0, 742.0, 742.0, 742.0, 742.0, 742.0, 742.0, 742.0, 742.0, 742.0, 742.0, 742.0, 742.0, 742.0, 742.0, 742.0, 742.0, 742.0, 742.0, 742.0, 742.0, 742.0, 1218, 1218, 1218, 1218, 1218, 1302, 1851, 1851, 1851, 1851, 1851, 1851, 1851, 4853.0, 4853.0, 4853.0, 4853.0, 4853.0, 4853.0, 4853.0, 4853.0, 4853.0, 4853.0, 4853.0, 4853.0, 4853.0, 4853.0, 4853.0, 4853.0, 4853.0, 4853.0, 4853.0, 4853.0, 4853.0, 4853.0]
List of Best in Generation for Distance Score: [0, 102, 222, 112, 469, 492, 158, 175, 281, 363, 657, 445, 524, 259, 946, 467, 5000, 5000, 5000, 5000, 5000, 5000, 5000, 5000, 5000, 5000, 5000, 5000, 5000, 5000, 5000, 5000, 5000, 5000, 5000, 5000, 5000, 5000, 5000, 5000, 5000, 5000, 5000, 5000, 5000, 5000, 5000, 5000, 5000, 5000, 5000, 5000, 5000, 5000, 5000, 5000, 5000, 5000, 5000, 5000, 5000, 5000, 5000, 5000, 5000, 5000, 5000, 5000, 5000, 5000, 5000, 5000, 5000, 5000, 5000, 5000, 5000, 5000, 5000, 5000, 5000, 5000, 5000, 5000, 5000, 5000, 5000, 5000, 5000, 5000, 5000, 5000, 5000, 5000, 5000, 5000, 5000, 5000, 5000, 5000]
List of Best in All Previous Generations for Distance Score: [0, 102, 222, 222, 469, 492, 492, 492, 492, 492, 657, 657, 657, 657, 946, 946, 5000, 5000, 5000, 5000, 5000, 5000, 5000, 5000, 5000, 5000, 5000, 5000, 5000, 5000, 5000, 5000, 5000, 5000, 5000, 5000, 5000, 5000, 5000, 5000, 5000, 5000, 5000, 5000, 5000, 5000, 5000, 5000, 5000, 5000, 5000, 5000, 5000, 5000, 5000, 5000, 5000, 5000, 5000, 5000, 5000, 5000, 5000, 5000, 5000, 5000, 5000, 5000, 5000, 5000, 5000, 5000, 5000, 5000, 5000, 5000, 5000, 5000, 5000, 5000, 5000, 5000, 5000, 5000, 5000, 5000, 5000, 5000, 5000, 5000, 5000, 5000, 5000, 5000, 5000, 5000, 5000, 5000, 5000, 5000]
List of Best in Generation for Target Score: [0, 0, 0, 4, 0, 8, 0, 0, 0, 8, 4, 0, 8, 4, 8, 4, 4, 4, 8, 8, 12, 8, 4, 0, 4, 4, 0, 8, 0, 4, 4, 8, 0, 8, 0, 4, 0, 8, 4, 4.5, 0, 4, 4, 4, 8, 0, 0, 4, 4, 0, 4, 4, 8, 8, 4, 4, 4, 4, 4, 8, 0, 0, 4, 4, 8, 8, 12, 0, 0, 4, 8, 12, 4, 4, 4, 0, 4, 4, 0, 8, 12, 8, 4, 4, 3.5, 4, 8, 0, 8, 4, 4, 4, 8, 4, 8, 0, 0, 0, 0, 12]
List of Best in All Previous Generations for Target Score: [0, 0, 0, 4, 4, 8, 8, 8, 8, 8, 8, 8, 8, 8, 8, 8, 8, 8, 8, 8, 12, 12, 12, 12, 12, 12, 12, 12, 12, 12, 12, 12, 12, 12, 12, 12, 12, 12, 12, 12, 12, 12, 12, 12, 12, 12, 12, 12, 12, 12, 12, 12, 12, 12, 12, 12, 12, 12, 12, 12, 12, 12, 12, 12, 12, 12, 12, 12, 12, 12, 12, 12, 12, 12, 12, 12, 12, 12, 12, 12, 12, 12, 12, 12, 12, 12, 12, 12, 12, 12, 12, 12, 12, 12, 12, 12, 12, 12, 12, 12]
List of Scores for the Best Overall Plane in Each Generation: [[0, 0, 0], [101, 102, 0], [150, 151, -20.0], [111, 112, 0], [468, 469, 0], [491, 492, 0], [157, 158, 0], [174, 175, 0], [280, 281, 0], [362, 363, 0], [581.0, 657, -7.5], [352, 353, 0], [375, 296, 7.5], [262, 223, 3.5], [703.0, 824, -12.5], [262.0, 288, -3.0], [742.0, 1628, -89.0], [199.0, 1160, -96.5], [351, 352, 0], [230, 151, 7.5], [258, 139, 12], [230, 151, 7.5], [190, 151, 3.5], [151, 152, -5.0], [219, 220, -0.5], [190, 151, 3.5], [173, 174, 0], [230, 151, 7.5], [290, 291, 0], [205, 206, 0], [236, 237, 0], [230, 151, 7.5], [389, 390, 0], [236.0, 237, -0.5], [150, 151, -0.5], [190, 151, 3.5], [257, 258, 0], [230, 151, 7.5], [274.0, 280, -0.5], [317, 318, 0], [208, 209, 0], [190, 151, 3.5], [190, 151, 3.5], [376.0, 382, -0.5], [272.0, 298, -2.5], [232, 233, 0], [150, 151, -0.5], [191, 152, -12.5], [294, 295, 0], [234, 235, 0], [190, 151, 3.5], [190, 151, 3.5], [230, 151, 7.5], [230, 151, 7.5], [190, 151, 3.5], [501, 502, 0], [190, 151, 3.5], [238, 239, 0], [190, 151, 3.5], [461.0, 557, -9.5], [150, 151, -0.5], [150, 151, -0.5], [198, 199, 0], [337, 338, 0], [326, 327, 0], [1218, 1219, 0], [618, 619, 0], [1028, 1029, 0], [1100.0, 1171, -7.0], [619, 620, 0], [1302, 1303, 0], [1851, 1852, 0], [881, 882, 0], [1446, 1447, 0], [222, 223, 0], [540, 541, 0], [331, 332, 0], [552, 553, 0], [4853.0, 4914, -6.0], [2572, 2573, 0], [3632, 3633, 0], [1375, 1376, 0], [923, 924, 0], [2234, 2235, 0], [313, 314, 0], [372.0, 438, -6.5], [1187.0, 1238, -5.0], [275, 276, 0], [480, 481, 0], [359, 360, 0], [308, 309, 0], [660, 661, 0], [230, 151, 7.5], [3030.0, 3066, -3.5], [230, 151, 7.5], [2391.0, 2417, -2.5], [743, 744, 0], [2201.0, 2277, -7.5], [2340.0, 4871, -253.5], [2489.0, 5000, -251.0]]

--RUN 5--
Population Size: 30
Generations: 75
Maximum Total Score: 655.0
Maximum Distance Score: 2747
Maximum Target Score: 8
Best Overall Total Score: 655.0
Distance Score of Best Overall: 591
Target Score of Best Overall: 6.5
Theoretical Maximum Score: 5200

PARAMETERS:
Random Seed: 27704
Mu: [3, 2, 2]   Mu Weights: [10, 20, 30, 55, 80, 90, 100]    Lambda: 23
Population Size: 30
Maximum Allowed Distance: 5000
Plane Y Speed: -3.5     Plane X Speed: 3
Multi-Objective Weight Function: distanceScore + (10 * targetScore)
Range of Horizontal Space between Adjacent Radar Pairs: 175 - 340
Range of Gap (Vertical Space) between Pair of Radars:  120 - 180
Minimum Length of Radar Beam: 80
Mutation Probability (Weighted for low maximum total scores): 3.001
Number of Columns: 250
Number of Levels Back: 250

LISTS:
List of Best in Generation for Total Score: [0, 101, 150, 172, 472, 433.0, 151, 209, 190, 177, 274.0, 263.0, 208.0, 227, 167, 321, 297, 239, 227, 230, 230, 190, 230, 199.0, 80, 186, 190, 151, 230, 153, 185, 263.0, 153, 516.0, 171, 403, 252, 148, 112, 216, 230, 341.0, 300, 534.0, 655.0, 309, 240, 272, 164, 150, 230, 190, 260.0, 150, 340.0, 212, 170, 150, 230, 164, 422.0, 371.0, 190, 281, 191, 184.0, 96, 190, 226, 273.0, 154, 153, 297, 190, 223]
List of Best in All Previous Generations for Total Score: [0, 101, 150, 172, 472, 472, 472, 472, 472, 472, 472, 472, 472, 472, 472, 472, 472, 472, 472, 472, 472, 472, 472, 472, 472, 472, 472, 472, 472, 472, 472, 472, 472, 516.0, 516.0, 516.0, 516.0, 516.0, 516.0, 516.0, 516.0, 516.0, 516.0, 534.0, 655.0, 655.0, 655.0, 655.0, 655.0, 655.0, 655.0, 655.0, 655.0, 655.0, 655.0, 655.0, 655.0, 655.0, 655.0, 655.0, 655.0, 655.0, 655.0, 655.0, 655.0, 655.0, 655.0, 655.0, 655.0, 655.0, 655.0, 655.0, 655.0, 655.0, 655.0]
List of Best in Generation for Distance Score: [0, 102, 222, 253, 473, 887, 956, 371, 2501, 330, 1098, 1188, 2747, 298, 508, 556, 298, 330, 228, 160, 156, 163, 222, 197, 81, 147, 617, 170, 264, 154, 188, 705, 228, 622, 238, 404, 253, 149, 113, 217, 210, 372, 368, 688, 591, 461, 337, 273, 293, 234, 339, 186, 281, 351, 366, 229, 192, 186, 260, 304, 497, 644, 266, 331, 255, 433, 97, 186, 305, 2565, 800, 148, 298, 176, 341]
List of Best in All Previous Generations for Distance Score: [0, 102, 222, 253, 473, 887, 956, 956, 2501, 2501, 2501, 2501, 2747, 2747, 2747, 2747, 2747, 2747, 2747, 2747, 2747, 2747, 2747, 2747, 2747, 2747, 2747, 2747, 2747, 2747, 2747, 2747, 2747, 2747, 2747, 2747, 2747, 2747, 2747, 2747, 2747, 2747, 2747, 2747, 2747, 2747, 2747, 2747, 2747, 2747, 2747, 2747, 2747, 2747, 2747, 2747, 2747, 2747, 2747, 2747, 2747, 2747, 2747, 2747, 2747, 2747, 2747, 2747, 2747, 2747, 2747, 2747, 2747, 2747, 2747]
List of Best in Generation for Target Score: [0, 0, 0, 0, 0, 8, 0, 8, 4, 0, 8, 8, 4, 0, 0, 4, 8, 4, 4, 8, 8, 4, 8, 4, 0, 4, 0, 4, 8, 0, 0, 0, 0, 0, 0, 0, 0, 0, 0, 0, 8, 4, 0, 4, 8, 4, 0, 0, 4, 0, 8, 4, 4, 0, 8, 0, 0, 0, 8, 0, 8, 4, 4, 8, 4, 1.0, 0, 4, 8, 0, 0, 4, 8, 4, 4]
List of Best in All Previous Generations for Target Score: [0, 0, 0, 0, 0, 8, 8, 8, 8, 8, 8, 8, 8, 8, 8, 8, 8, 8, 8, 8, 8, 8, 8, 8, 8, 8, 8, 8, 8, 8, 8, 8, 8, 8, 8, 8, 8, 8, 8, 8, 8, 8, 8, 8, 8, 8, 8, 8, 8, 8, 8, 8, 8, 8, 8, 8, 8, 8, 8, 8, 8, 8, 8, 8, 8, 8, 8, 8, 8, 8, 8, 8, 8, 8, 8]
List of Scores for the Best Overall Plane in Each Generation: [[0, 0, 0], [101, 102, 0], [150, 151, -20.0], [172, 173, -0.5], [472, 473, 0], [433.0, 429, 0.0], [151, 152, -10.0], [209, 130, 8], [190, 151, 3.5], [177, 178, -0.5], [274.0, 285, -1.0], [263.0, 289, -3.0], [208.0, 209, -0.5], [227, 228, -0.5], [167, 168, 0], [321, 322, 0], [297, 298, 0], [239, 240, 0], [227, 228, 0], [230, 151, 7.5], [230, 151, 7.5], [190, 151, 3.5], [230, 151, 7.5], [199.0, 165, 3.0], [80, 81, 0], [186, 147, 4], [190, 191, -0.5], [151, 152, -5.5], [230, 151, 7.5], [153, 154, 0], [185, 186, -0.5], [263.0, 459, -20.0], [153, 154, -0.5], [516.0, 607, -9.5], [171, 172, 0], [403, 404, 0], [252, 253, 0], [148, 149, 0], [112, 113, 0], [216, 217, 0], [230, 151, 7.5], [341.0, 372, -3.0], [300, 301, -0.5], [534.0, 605, -7.5], [655.0, 591, 6.5], [309, 310, 0], [240, 241, 0], [272, 273, 0], [164, 125, 4], [150, 151, -20.0], [230, 151, 7.5], [190, 151, 3.5], [260.0, 281, -2.0], [150, 151, -0.5], [340.0, 366, -3.0], [212, 213, -0.5], [170, 171, -0.5], [150, 151, -0.5], [230, 151, 7.5], [164, 165, 0], [422.0, 488, -7.0], [371.0, 382, -1.0], [190, 151, 3.5], [281, 282, 0], [191, 152, -12.0], [184.0, 175, 0.5], [96, 97, 0], [190, 151, 3.5], [226, 147, 8], [273.0, 334, -6.0], [154, 155, -0.5], [153, 114, 4], [297, 298, 0], [190, 151, 3.5], [223, 224, 0]]

--RUN 6--
Population Size: 30
Generations: 75
Maximum Total Score: 1653.0
Maximum Distance Score: 5000
Maximum Target Score: 25.0
Best Overall Total Score: 1653.0
Distance Score of Best Overall: 1429
Target Score of Best Overall: 22.5
Theoretical Maximum Score: 7940

PARAMETERS:
Random Seed: 27704
Mu: [3, 2, 2]   Mu Weights: [7, 14, 21, 45, 69, 93, 100]    Lambda: 23
Population Size: 30
Maximum Allowed Distance: 5000
Plane Y Speed: -3.5     Plane X Speed: 3
Multi-Objective Weight Function: distanceScore + (10 * targetScore)
Range of Horizontal Space between Adjacent Radar Pairs: 175 - 340
Range of Gap (Vertical Space) between Pair of Radars:  120 - 180
Minimum Length of Radar Beam: 80
Mutation Probability (Weighted for low maximum total scores): 4.001
Number of Columns: 250
Number of Levels Back: 250

LISTS:
List of Best in Generation for Total Score: [0, 101, 204, 233, 170, 458, 319, 192, 511.0, 187, 190, 150, 190, 151, 230, 190, 239, 190, 566, 350, 619, 154, 354, 283, 310, 360, 676, 398.0, 227.0, 270, 319.0, 1539.0, 449.0, 432.0, 591.0, 755.0, 1089.0, 239.0, 367.0, 398, 270.0, 151, 219.0, 868.0, 705.0, 696.0, 345.0, 586.0, 424.0, 210.0, 1653.0, 336.0, 485.0, 223.0, 287.0, 1542.0, 618.0, 347.0, 377, 472.0, 876.0, 470.0, 550.0, 244.0, 785.0, 430.0, 355.0, 305.0, 711.0, 840.0, 719.0, 965.0, 655.0, 566.0, 1097.0]
List of Best in All Previous Generations for Total Score: [0, 101, 204, 233, 233, 458, 458, 458, 511.0, 511.0, 511.0, 511.0, 511.0, 511.0, 511.0, 511.0, 511.0, 511.0, 566, 566, 619, 619, 619, 619, 619, 619, 676, 676, 676, 676, 676, 1539.0, 1539.0, 1539.0, 1539.0, 1539.0, 1539.0, 1539.0, 1539.0, 1539.0, 1539.0, 1539.0, 1539.0, 1539.0, 1539.0, 1539.0, 1539.0, 1539.0, 1539.0, 1539.0, 1653.0, 1653.0, 1653.0, 1653.0, 1653.0, 1653.0, 1653.0, 1653.0, 1653.0, 1653.0, 1653.0, 1653.0, 1653.0, 1653.0, 1653.0, 1653.0, 1653.0, 1653.0, 1653.0, 1653.0, 1653.0, 1653.0, 1653.0, 1653.0, 1653.0]
List of Best in Generation for Distance Score: [0, 102, 395, 350, 287, 459, 609, 175, 672, 167, 2007, 5000, 395, 734, 2280, 538, 1177, 2903, 4555, 1744, 1602, 876, 1262, 952, 1291, 1097, 699, 550, 1905, 5000, 5000, 5000, 5000, 5000, 3520, 5000, 5000, 3500, 1168, 5000, 5000, 5000, 5000, 699, 534, 652, 335, 673, 455, 290, 1429, 322, 531, 308, 403, 1663, 649, 5000, 5000, 5000, 5000, 5000, 5000, 5000, 5000, 5000, 5000, 4321, 5000, 5000, 5000, 5000, 5000, 5000, 5000]
List of Best in All Previous Generations for Distance Score: [0, 102, 395, 395, 395, 459, 609, 609, 672, 672, 2007, 5000, 5000, 5000, 5000, 5000, 5000, 5000, 5000, 5000, 5000, 5000, 5000, 5000, 5000, 5000, 5000, 5000, 5000, 5000, 5000, 5000, 5000, 5000, 5000, 5000, 5000, 5000, 5000, 5000, 5000, 5000, 5000, 5000, 5000, 5000, 5000, 5000, 5000, 5000, 5000, 5000, 5000, 5000, 5000, 5000, 5000, 5000, 5000, 5000, 5000, 5000, 5000, 5000, 5000, 5000, 5000, 5000, 5000, 5000, 5000, 5000, 5000, 5000, 5000]
List of Best in Generation for Target Score: [0, 0, 4, 4, 0, 3.5, 4, 4, 0, 4, 4, 0, 4, 0, 8, 4, 8, 4, 4, 4, 4.5, 0, 4, 4, 4, 8, 0, 8, 0, 12, 8, 4, 4, 0, 12, 4, 4, 0, 8, 0, 0, 0, 0, 23.5, 20.5, 10.5, 3.0, 5.5, 1.5, 0, 25.0, 5.5, 1.5, 0, 0, 4, 4, 4, 4, 4, 12, 3.0, 8, 4, 4, 4, 8, 5.0, 4, 4, 4, 8, 4, 4, 4]
List of Best in All Previous Generations for Target Score: [0, 0, 4, 4, 4, 4, 4, 4, 4, 4, 4, 4, 4, 4, 8, 8, 8, 8, 8, 8, 8, 8, 8, 8, 8, 8, 8, 8, 8, 12, 12, 12, 12, 12, 12, 12, 12, 12, 12, 12, 12, 12, 12, 23.5, 23.5, 23.5, 23.5, 23.5, 23.5, 23.5, 25.0, 25.0, 25.0, 25.0, 25.0, 25.0, 25.0, 25.0, 25.0, 25.0, 25.0, 25.0, 25.0, 25.0, 25.0, 25.0, 25.0, 25.0, 25.0, 25.0, 25.0, 25.0, 25.0, 25.0, 25.0]
List of Scores for the Best Overall Plane in Each Generation: [[0, 0, 0], [101, 102, 0], [204, 165, 3.5], [233, 234, 0], [170, 171, -0.5], [458, 459, 0], [319, 320, 0], [192, 153, 3.5], [511.0, 637, -13.0], [187, 148, 4], [190, 151, 3.5], [150, 151, -0.5], [190, 151, 3.5], [151, 152, -11.0], [230, 151, 7.5], [190, 151, 3.5], [239, 160, 8], [190, 151, 3.5], [566, 567, 0], [350, 351, 0], [619, 620, 0], [154, 155, 0], [354, 355, 0], [283, 284, 0], [310, 311, 0], [360, 361, 0], [676, 677, 0], [398.0, 514, -12.0], [227.0, 278, -5.5], [270, 151, 11.5], [319.0, 440, -12.5], [1539.0, 2720, -118.5], [449.0, 785, -34.0], [432.0, 773, -34.0], [591.0, 1097, -50.5], [755.0, 1841, -108.5], [1089.0, 1635, -55.0], [239.0, 340, -10.5], [367.0, 398, -3.0], [398, 399, 0], [270.0, 426, -15.5], [151, 152, -13.5], [219.0, 275, -5.5], [868.0, 699, 17.0], [705.0, 516, 18.5], [696.0, 652, 4.5], [345.0, 316, 2.5], [586.0, 657, -7.5], [424.0, 425, -0.5], [210.0, 261, -5.5], [1653.0, 1429, 22.5], [336.0, 322, 1.5], [485.0, 531, -4.5], [223.0, 274, -5.5], [287.0, 403, -11.5], [1542.0, 1663, -12.0], [618.0, 649, -3.0], [347.0, 548, -20.0], [377, 378, 0], [472.0, 723, -25.0], [876.0, 1342, -46.5], [470.0, 711, -24.0], [550.0, 751, -20.5], [244.0, 300, -6.0], [785.0, 1016, -23.0], [430.0, 646, -21.5], [355.0, 466, -11.5], [305.0, 541, -24.0], [711.0, 1082, -37.5], [840.0, 1161, -32.0], [719.0, 800, -8.5], [965.0, 1606, -64.0], [655.0, 821, -17.0], [566.0, 567, -0.5], [1097.0, 1563, -47.0]]