--RUN 1--
Generations: 50
Maximum Total Score: 1453.0 
Maximum Distance Score: 1641 
Maximum Target Score: 3.5 
Best Overall Total Score: 1453.0 
Distance Score of Best Overall: 1489 
Target Score of Best Overall: -4.0 

PARAMETERS:
Random Seed: 41694 
Mu: [3, 2, 2]   Mu Weights: [15, 30, 44, 58, 72, 86, 100]    Lambda: 23 
Population Size: 30
Maximum Allowed Distance: 7500 
Plane Y Speed: -3.5     Plane X Speed: 3
Multi-Objective Weight Function: distanceScore + (10 * targetScore)
Range of Horizontal Space between Adjacent Radar Pairs: 175 - 340
Range of Gap (Vertical Space) between Pair of Radars:  120 - 180
Minimum Length of Radar Beam: 80
Mutation Probability (Weighted for low maximum total scores): 0.015
Number of Columns: 250
Number of Levels Back: 250

LISTS:
List of Best in Generation for Total Score: [0, -635.0, -1611.0, -165.0, -1635.0, -1559.0, -1311.0, 569, 873.0, 344, 420, -23.0, 477.0, 272.0, 460, -1562.0, 143, -856.0, -1529.0, -1522.0, 71.0, -63.0, -1003.0, -320.0, -896.0, 53.0, 482, 190, 246, 849, 340, 296.0, 295, 455, 368.0, 645.0, 347.0, 386.0, 380, 394, 316.0, 1410.0, 431, 315.0, 201, 690.0, 1336, 304.0, 249.0, 376.0] 
List of Best in All Previous Generations for Total Score: [0, 183, 203, 203, 218, 335, 335, 569, 887, 887, 887, 887, 887, 887, 887, 887, 887, 887, 887, 887, 887, 887, 887, 887, 887, 887, 887, 887, 887, 887, 887, 887, 887, 887, 887, 887, 887, 887, 887, 887, 887, 1453.0, 1453.0, 1453.0, 1453.0, 1453.0, 1453.0, 1453.0, 1453.0, 1453.0] 
List of Best in Generation for Distance Score: [0, 336, 595, 221, 591, 727, 865, 570, 984, 345, 421, 403, 528, 363, 461, 1004, 144, 555, 1052, 819, 277, 213, 568, 626, 630, 189, 483, 191, 247, 850, 341, 302, 296, 456, 479, 661, 353, 407, 381, 395, 512, 1641, 432, 591, 202, 706, 1337, 345, 350, 402] 
List of Best in All Previous Generations for Distance Score: [0, 336, 595, 595, 595, 727, 865, 865, 984, 984, 984, 984, 984, 984, 984, 1004, 1004, 1004, 1052, 1052, 1052, 1052, 1052, 1052, 1052, 1052, 1052, 1052, 1052, 1052, 1052, 1052, 1052, 1052, 1052, 1052, 1052, 1052, 1052, 1052, 1052, 1641, 1641, 1641, 1641, 1641, 1641, 1641, 1641, 1641] 
List of Best in Generation for Target Score: [0, -97.5, -221.0, -39.0, -223.0, -228.5, -217.5, 0, -11.0, 0, 0, -42.5, -5.0, -9.0, 0, -256.5, 0, -141.5, -258.5, -234.5, -21.0, -28.0, -157.0, -95.0, -152.5, -13.5, 0, 0, 0, 0, 0, -0.5, 0, 0, -11.0, -1.5, -0.5, -2.0, 0, 0, -19.5, -23.0, 0, -27.5, 0, -2.0, 0, -4.0, -10.0, -2.5] 
List of Best in All Previous Generations for Target Score: [0, 0, 2, 2, 2, 2, 2, 2, 3, 3, 3, 3, 3, 3, 3, 3, 3, 3, 3, 3, 3, 3, 3, 3, 3, 3, 3, 3, 3, 3, 3, 3, 3, 3, 3, 3, 3, 3, 3, 3, 3.5, 3.5, 3.5, 3.5, 3.5, 3.5, 3.5, 3.5, 3.5, 3.5] 
List of Scores for the Best Overall Plane in Each Generation: [[0, 0, 0], [183, 184, -0.5], [203, 184, 1.5], [193, 184, 0.5], [218, 219, -0.5], [335, 336, 0], [193, 184, 0.5], [569, 570, 0], [887, 858, 2.5], [344, 345, 0], [420, 421, 0], [185, 186, -0.5], [477.0, 528, -5.0], [272.0, 363, -9.0], [460, 461, 0], [701, 702, 0], [143, 144, 0], [460, 461, 0], [450, 451, 0], [280, 281, 0], [193, 184, 0.5], [193, 184, 0.5], [203, 184, 1.5], [199.0, 205, -1.0], [183, 184, -0.5], [183, 184, -0.5], [482, 483, 0], [214, 185, -7.0], [246, 247, 0], [849, 850, 0], [340, 341, 0], [296.0, 302, -0.5], [295, 296, 0], [455, 456, 0], [397, 368, 2.5], [645.0, 661, -1.5], [347.0, 353, -0.5], [386.0, 407, -2.0], [380, 381, 0], [394, 395, 0], [452.0, 418, 3.0], [1453.0, 1489, -4.0], [431, 432, 0], [447, 448, -0.5], [201, 202, 0], [710.0, 701, 0.5], [1336, 1337, 0], [304.0, 345, -4.0], [249.0, 350, -10.0], [396.0, 382, 1.0]]

--RUN 2-- GOOD ONE
Generations: 50
Maximum Total Score: 4269.0 
Maximum Distance Score: 7500 
Maximum Target Score: 4 
Best Overall Total Score: 4269.0 
Distance Score of Best Overall: 7500 
Target Score of Best Overall: -323.0 

PARAMETERS:
Random Seed: 1734 
Mu: [3, 2, 2]   Mu Weights: [15, 30, 44, 58, 72, 86, 100]    Lambda: 23 
Population Size: 30
Maximum Allowed Distance: 7500 
Plane Y Speed: -3.5     Plane X Speed: 3
Multi-Objective Weight Function: distanceScore + (10 * targetScore)
Range of Horizontal Space between Adjacent Radar Pairs: 175 - 340
Range of Gap (Vertical Space) between Pair of Radars:  120 - 180
Minimum Length of Radar Beam: 80
Mutation Probability (Weighted for low maximum total scores): 0.015
Number of Columns: 250
Number of Levels Back: 250

LISTS:
List of Best in Generation for Total Score: [0, -388.0, 156, -125.0, -211.0, 103.0, 143, 221, 95.0, 215.0, 106, 172, 172, 123.0, 354.0, 427.0, 370.0, 390.0, 305.0, 1171.0, 246.0, 504.0, 202, 3309.0, 2245.0, 4269.0, 1357.0, 322.0, 1062.0, 1493.0, 1272.0, 604.0, 2220.0, 3849.0, 3507.0, 3719.0, -22951.0, -22866.0, -22936.0, -23081.0, -23041.0, -22926.0, 2859.0, 3344.0, 3109.0, 3289.0, 3209.0, 3189.0, 3209.0, 3639.0] 
List of Best in All Previous Generations for Total Score: [0, 193, 193, 193, 193, 223, 223, 223, 223, 278.0, 278.0, 278.0, 278.0, 278.0, 354.0, 438.0, 438.0, 438.0, 438.0, 1187.0, 1187.0, 1187.0, 1187.0, 3330.0, 3330.0, 4269.0, 4269.0, 4269.0, 4269.0, 4269.0, 4269.0, 4269.0, 4269.0, 4269.0, 4269.0, 4269.0, 4269.0, 4269.0, 4269.0, 4269.0, 4269.0, 4269.0, 4269.0, 4269.0, 4269.0, 4269.0, 4269.0, 4269.0, 4269.0, 4269.0] 
List of Best in Generation for Distance Score: [0, 288, 157, 336, 250, 254, 144, 222, 261, 376, 107, 173, 173, 224, 435, 648, 601, 711, 606, 1962, 337, 685, 203, 6190, 3946, 7500, 2268, 453, 1853, 2714, 2183, 1075, 4111, 7500, 6278, 6690, 7500, 7500, 7500, 7500, 7500, 7500, 7500, 7500, 7500, 7500, 7500, 7500, 7500, 7500] 
List of Best in All Previous Generations for Distance Score: [0, 288, 288, 336, 336, 336, 336, 336, 336, 376, 376, 376, 376, 376, 435, 648, 648, 711, 711, 1962, 1962, 1962, 1962, 6190, 6190, 7500, 7500, 7500, 7500, 7500, 7500, 7500, 7500, 7500, 7500, 7500, 7500, 7500, 7500, 7500, 7500, 7500, 7500, 7500, 7500, 7500, 7500, 7500, 7500, 7500] 
List of Best in Generation for Target Score: [0, -68.0, 0, -46.5, -46.0, -15.5, 0, 0, -16.5, -16.0, 0, 0, 0, -10.5, -8.0, -22.0, -23.0, -32.0, -30.0, -79.5, -9.0, -18.0, 0, -288.0, -170.0, -323.0, -91.0, -13.0, -79.0, -122.0, -91.0, -47.0, -189.0, -365.0, -277.0, -297.0, -3045.5, -3036.5, -3043.5, -3058.5, -3054.5, -3043.0, -464.0, -416.0, -439.0, -421.0, -429.0, -431.0, -429.0, -386.0] 
List of Best in All Previous Generations for Target Score: [0, 1, 1, 1, 1, 1, 1, 1, 1, 1, 1, 1, 1, 2, 2, 2, 2, 2, 4, 4, 4, 4, 4, 4, 4, 4, 4, 4, 4, 4, 4, 4, 4, 4, 4, 4, 4, 4, 4, 4, 4, 4, 4, 4, 4, 4, 4, 4, 4, 4] 
List of Scores for the Best Overall Plane in Each Generation: [[0, 0, 0], [193, 184, 0.5], [156, 157, 0], [183, 184, -0.5], [193, 184, 0.5], [223, 224, -0.5], [143, 144, 0], [221, 222, 0], [215, 216, -0.5], [278.0, 269, 0.5], [106, 107, 0], [172, 173, 0], [172, 173, 0], [193, 174, 2], [354.0, 435, -8.0], [438.0, 609, -17.5], [370.0, 601, -23.0], [430.0, 661, -23.5], [383.0, 584, -20.5], [1187.0, 1958, -77.5], [261.0, 307, -5.0], [504.0, 685, -18.0], [202, 203, 0], [3330.0, 6161, -283.5], [2268.0, 3919, -165.5], [4269.0, 7500, -323.0], [1358.0, 2239, -88.5], [334.0, 415, -8.5], [1071.0, 1822, -75.5], [1493.0, 2714, -122.0], [1272.0, 2183, -91.0], [610.0, 1041, -43.5], [2254.0, 4095, -184.5], [3849.0, 7500, -365.0], [3533.0, 6254, -272.5], [3744.0, 6675, -293.5], [515.0, 816, -30.5], [646.0, 1187, -54.5], [241.0, 282, -4.0], [1397.0, 3138, -174.5], [1638.0, 3479, -184.0], [1259.0, 2610, -135.5], [2892.0, 7483, -459.5], [3372.0, 7493, -412.5], [3136.0, 7477, -434.5], [3298.0, 7459, -416.5], [3228.0, 7469, -424.5], [3189.0, 7500, -431.0], [3562.0, 7403, -384.5], [3639.0, 7500, -386.0]]