--RUN 37--
Population Size: 50
Generations: 100
Maximum Total Score: 4234 
Maximum Distance Score: 4000 
Maximum Target Score: 249 
Best Overall Total Score: 4234 
Distance Score of Best Overall: 3845 
Target Score of Best Overall: 35 
Theoretical Maximum Score: 5060

PARAMETERS:
Random Seed: 86652 
Mu: [4, 2, 2]   Mu Weights: None    Lambda: 42 
Population Size: 50
Maximum Allowed Distance: 4000 
Plane Y Speed: -3.5     Plane X Speed: 3
Multi-Objective Weight Function: distanceScore + (10 * targetScore)
Range of Horizontal Space between Adjacent Radar Pairs: 175 - 340
Range of Gap (Vertical Space) between Pair of Radars:  120 - 180
Minimum Length of Radar Beam: 80
Mutation Probability (Weighted for low maximum total scores): 1.5%
Number of Columns: 250
Number of Levels Back: 200

LISTS:
List of Best in Generation for Total Score: [0, 611, 681, 630, 640, 290, 190, 670, 881, 2135, 790, 443, 590, 620, 210, 550, 963, 220, 1756, 601, 660, 611, 791, 843, 690, 493, 600, 791, 790, 842, 1146, 774, 820, 893, 490, 701, 485, 2703, 553, 2802, 895, 1639, 431, 613, 1698, 1101, 400, 421, 1125, 4234, 1282, 286, 730, 3543, 829, 3324, 790, 1598, 2216, 2303, 1525, 706, 3457, 3899, 3909, 3641, 3949, 4013, 3669, 3739, 3516, 3989, 899, 3179, 4009, 3499, 3459, 3259, 3279, 3829, 3887, 3639, 3959, 3629, 3809, 4039, 4019, 4069, 3469, 3719, 3449, 3849, 3819, 3509, 4129, 3909, 4009, 2888, 3690, 3719] 
List of Best in All Previous Generations for Total Score: [0, 611, 681, 681, 681, 681, 681, 681, 881, 2135, 2135, 2135, 2135, 2135, 2135, 2135, 2135, 2135, 2135, 2135, 2135, 2135, 2135, 2135, 2135, 2135, 2135, 2135, 2135, 2135, 2135, 2135, 2135, 2135, 2135, 2135, 2135, 2703, 2703, 2802, 2802, 2802, 2802, 2802, 2802, 2802, 2802, 2802, 2802, 4234, 4234, 4234, 4234, 4234, 4234, 4234, 4234, 4234, 4234, 4234, 4234, 4234, 4234, 4234, 4234, 4234, 4234, 4234, 4234, 4234, 4234, 4234, 4234, 4234, 4234, 4234, 4234, 4234, 4234, 4234, 4234, 4234, 4234, 4234, 4234, 4234, 4234, 4234, 4234, 4234, 4234, 4234, 4234, 4234, 4234, 4234, 4234, 4234, 4234, 4234] 
List of Best in Generation for Distance Score: [0, 243, 4000, 4000, 4000, 4000, 4000, 4000, 4000, 4000, 4000, 4000, 4000, 4000, 4000, 4000, 4000, 4000, 4000, 4000, 4000, 4000, 4000, 4000, 4000, 4000, 4000, 4000, 4000, 4000, 4000, 4000, 4000, 4000, 4000, 4000, 4000, 4000, 4000, 4000, 4000, 4000, 4000, 4000, 4000, 4000, 4000, 4000, 4000, 4000, 4000, 4000, 4000, 4000, 4000, 4000, 4000, 4000, 4000, 4000, 4000, 4000, 4000, 4000, 4000, 4000, 4000, 4000, 4000, 4000, 4000, 4000, 4000, 4000, 4000, 4000, 4000, 4000, 4000, 4000, 4000, 4000, 4000, 4000, 4000, 4000, 4000, 4000, 4000, 4000, 4000, 4000, 4000, 4000, 4000, 4000, 4000, 4000, 4000, 4000] 
List of Best in All Previous Generations for Distance Score: [0, 243, 4000, 4000, 4000, 4000, 4000, 4000, 4000, 4000, 4000, 4000, 4000, 4000, 4000, 4000, 4000, 4000, 4000, 4000, 4000, 4000, 4000, 4000, 4000, 4000, 4000, 4000, 4000, 4000, 4000, 4000, 4000, 4000, 4000, 4000, 4000, 4000, 4000, 4000, 4000, 4000, 4000, 4000, 4000, 4000, 4000, 4000, 4000, 4000, 4000, 4000, 4000, 4000, 4000, 4000, 4000, 4000, 4000, 4000, 4000, 4000, 4000, 4000, 4000, 4000, 4000, 4000, 4000, 4000, 4000, 4000, 4000, 4000, 4000, 4000, 4000, 4000, 4000, 4000, 4000, 4000, 4000, 4000, 4000, 4000, 4000, 4000, 4000, 4000, 4000, 4000, 4000, 4000, 4000, 4000, 4000, 4000, 4000, 4000] 
List of Best in Generation for Target Score: [0, 46, 53, 48, 49, 14, 4, 52, 75, 189, 64, 18, 44, 47, 6, 40, 74, 5, 120, 45, 51, 46, 64, 54, 54, 36, 45, 64, 64, 55, 52, 37, 45, 46, 34, 55, 25, 120, 37, 249, 55, 150, 28, 42, 141, 43, 19, 27, 101, 158, 48, 7, 58, 186, 44, 104, 65, 135, 68, 57, 94, 43, 78, 40, 58, 18, 18, 31, 4, 61, 25, 27, 4, 72, 48, 96, 47, 0, 37, 69, 8, 22, 40, 8, 31, 7, 4, 7, 60, 52, 0, 34, 8, 24, 13, 70, 28, 55, 6, 41] 
List of Best in All Previous Generations for Target Score: [0, 46, 53, 53, 53, 53, 53, 53, 75, 189, 189, 189, 189, 189, 189, 189, 189, 189, 189, 189, 189, 189, 189, 189, 189, 189, 189, 189, 189, 189, 189, 189, 189, 189, 189, 189, 189, 189, 189, 249, 249, 249, 249, 249, 249, 249, 249, 249, 249, 249, 249, 249, 249, 249, 249, 249, 249, 249, 249, 249, 249, 249, 249, 249, 249, 249, 249, 249, 249, 249, 249, 249, 249, 249, 249, 249, 249, 249, 249, 249, 249, 249, 249, 249, 249, 249, 249, 249, 249, 249, 249, 249, 249, 249, 249, 249, 249, 249, 249, 249] 
List of Scores for the Best Overall Plane in Each Generation: [[0, 0, 0], [611, 152, -118], [681, 152, -86], [630, 151, 44], [640, 151, 45], [290, 151, 10], [190, 151, -1], [670, 151, 49], [881, 162, 75], [2135, 246, 189], [790, 151, 62], [443, 294, 15], [590, 151, 40], [620, 151, 42], [210, 151, 1], [550, 151, 35], [963, 224, 74], [220, 171, 5], [1756, 557, 115], [601, 152, -75], [660, 151, 48], [611, 152, -62], [791, 152, 20], [843, 304, 49], [690, 151, 49], [493, 134, 36], [600, 151, 41], [791, 152, -120], [790, 151, 60], [842, 473, 32], [1146, 3877, -278], [774, 405, 32], [820, 371, 40], [893, 434, 41], [490, 151, 29], [701, 152, -65], [485, 236, 25], [2703, 2034, 62], [553, 184, 32], [2802, 313, 249], [895, 346, 50], [1639, 150, 150], [431, 152, 3], [613, 194, 37], [1698, 289, 136], [1101, 742, 31], [400, 211, 14], [421, 152, -93], [1125, 136, 101], [4234, 3845, 35], [1282, 1013, 22], [286, 307, -7], [730, 151, 55], [3543, 1774, 172], [829, 390, 39], [3324, 3605, -33], [790, 151, 65], [1598, 1509, 4], [2216, 1537, 63], [2303, 1904, 35], [1525, 616, 86], [706, 3077, -241], [3457, 3598, -19], [3899, 4000, -10], [3909, 4000, -9], [3641, 3692, -10], [3949, 4000, -5], [4013, 3964, 0], [3669, 4000, -33], [3739, 4000, -26], [3516, 3997, -53], [3989, 4000, -1], [899, 4000, -310], [3179, 4000, -82], [4009, 4000, 1], [3499, 4000, -50], [3459, 4000, -54], [3259, 4000, -74], [3279, 4000, -72], [3829, 4000, -17], [3887, 3808, 3], [3639, 4000, -36], [3959, 4000, -4], [3629, 4000, -37], [3809, 4000, -19], [4039, 4000, 4], [4019, 4000, 2], [4069, 4000, 7], [3469, 4000, -53], [3719, 4000, -28], [3449, 4000, -55], [3849, 4000, -15], [3819, 4000, -18], [3509, 4000, -49], [4129, 4000, 13], [3909, 4000, -9], [4009, 4000, 1], [2888, 3419, -58], [3690, 3681, -4], [3719, 4000, -28]]




--RUN 39--
Population Size: 50
Generations: 100
Maximum Total Score: 2529 
Maximum Distance Score: 4000 
Maximum Target Score: 230 
Best Overall Total Score: 2529 
Distance Score of Best Overall: 250 
Target Score of Best Overall: 230 

PARAMETERS:
Random Seed: 54227 
Mu: [4, 2, 2]   Mu Weights: None    Lambda: 42 
Population Size: 50
Maximum Allowed Distance: 4000 
Plane Y Speed: -3.5     Plane X Speed: 3
Multi-Objective Weight Function: distanceScore + (10 * targetScore)
Range of Horizontal Space between Adjacent Radar Pairs: 175 - 340
Range of Gap (Vertical Space) between Pair of Radars:  120 - 180
Minimum Length of Radar Beam: 80
Mutation Probability (Weighted for low maximum total scores): 1.5%
Number of Columns: 250
Number of Levels Back: 200

LISTS:
List of Best in Generation for Total Score: [0, 2134, 381, 661, 691, 821, 1189, 1222, 468, 1500, 968, 451, 893, 621, 2063, 1325, 1891, 680, 1205, 1063, 1735, 560, 593, 580, 2231, 1379, 1260, 941, 1945, 1063, 871, 587, 1834, 2529, 620, 800, 871, 320, 830, 560, 480, 700, 481, 700, 1070, 801, 771, 450, 441, 700, 580, 1514, 1986, 1131, 797, 1344, 550, 411, 436, 980, 844, 450, 266, 735, 2273, 548, 880, 286, 510, 359, 599, 408, 418, 1001, 2102, 670, 253, 1770, 900, 338, 1103, 607, 612, 498, 251, 870, 343, 1652, 1092, 250, 651, 849, 534, 520, 321, 1964, 930, 791, 423, 366] 
List of Best in All Previous Generations for Total Score: [0, 2134, 2134, 2134, 2134, 2134, 2134, 2134, 2134, 2134, 2134, 2134, 2134, 2134, 2134, 2134, 2134, 2134, 2134, 2134, 2134, 2134, 2134, 2134, 2231, 2231, 2231, 2231, 2231, 2231, 2231, 2231, 2231, 2529, 2529, 2529, 2529, 2529, 2529, 2529, 2529, 2529, 2529, 2529, 2529, 2529, 2529, 2529, 2529, 2529, 2529, 2529, 2529, 2529, 2529, 2529, 2529, 2529, 2529, 2529, 2529, 2529, 2529, 2529, 2529, 2529, 2529, 2529, 2529, 2529, 2529, 2529, 2529, 2529, 2529, 2529, 2529, 2529, 2529, 2529, 2529, 2529, 2529, 2529, 2529, 2529, 2529, 2529, 2529, 2529, 2529, 2529, 2529, 2529, 2529, 2529, 2529, 2529, 2529, 2529] 
List of Best in Generation for Distance Score: [0, 332, 179, 242, 740, 260, 1210, 1416, 1124, 2631, 1422, 251, 537, 271, 3094, 641, 993, 649, 1186, 984, 1596, 162, 359, 565, 2392, 238, 350, 348, 278, 152, 231, 513, 194, 345, 351, 288, 336, 162, 359, 204, 374, 4000, 501, 598, 925, 844, 622, 4000, 775, 673, 162, 303, 1499, 487, 691, 221, 1025, 4000, 979, 2741, 3509, 451, 3168, 2058, 1428, 1169, 1016, 982, 972, 1547, 1544, 1159, 1131, 1055, 1849, 285, 4000, 1042, 2093, 711, 4000, 529, 2130, 1621, 670, 973, 269, 2401, 735, 951, 1310, 2320, 4000, 875, 1614, 1176, 742, 478, 1729, 435] 
List of Best in All Previous Generations for Distance Score: [0, 332, 332, 332, 740, 740, 1210, 1416, 1416, 2631, 2631, 2631, 2631, 2631, 3094, 3094, 3094, 3094, 3094, 3094, 3094, 3094, 3094, 3094, 3094, 3094, 3094, 3094, 3094, 3094, 3094, 3094, 3094, 3094, 3094, 3094, 3094, 3094, 3094, 3094, 3094, 4000, 4000, 4000, 4000, 4000, 4000, 4000, 4000, 4000, 4000, 4000, 4000, 4000, 4000, 4000, 4000, 4000, 4000, 4000, 4000, 4000, 4000, 4000, 4000, 4000, 4000, 4000, 4000, 4000, 4000, 4000, 4000, 4000, 4000, 4000, 4000, 4000, 4000, 4000, 4000, 4000, 4000, 4000, 4000, 4000, 4000, 4000, 4000, 4000, 4000, 4000, 4000, 4000, 4000, 4000, 4000, 4000, 4000, 4000] 
List of Best in Generation for Target Score: [0, 191, 26, 51, 54, 67, 59, 12, 24, 109, 77, 30, 69, 47, 109, 116, 169, 53, 60, 19, 66, 41, 40, 43, 34, 118, 98, 79, 173, 95, 70, 39, 167, 230, 47, 65, 72, 17, 68, 41, 33, 55, 33, 55, 90, 65, 62, 30, 29, 55, 43, 139, 180, 98, 61, 120, 40, 26, 22, 83, 62, 30, 14, 14, 201, 26, 51, 4, 36, 17, 39, 19, 17, 67, 190, 52, 4, 161, 75, 7, 84, 43, 28, 8, 2, 50, 17, 138, 91, 4, 50, 40, 26, 37, 10, 177, 78, 64, 6, 23] 
List of Best in All Previous Generations for Target Score: [0, 191, 191, 191, 191, 191, 191, 191, 191, 191, 191, 191, 191, 191, 191, 191, 191, 191, 191, 191, 191, 191, 191, 191, 191, 191, 191, 191, 191, 191, 191, 191, 191, 230, 230, 230, 230, 230, 230, 230, 230, 230, 230, 230, 230, 230, 230, 230, 230, 230, 230, 230, 230, 230, 230, 230, 230, 230, 230, 230, 230, 230, 230, 230, 230, 230, 230, 230, 230, 230, 230, 230, 230, 230, 230, 230, 230, 230, 230, 230, 230, 230, 230, 230, 230, 230, 230, 230, 230, 230, 230, 230, 230, 230, 230, 230, 230, 230, 230, 230] 
List of Scores for the Best Overall Plane in Each Generation: [[0, 0, 0], [2134, 225, 191], [381, 122, 26], [661, 152, 12], [691, 152, 40], [821, 152, -68], [1189, 1210, -2], [1222, 1103, 7], [468, 1109, -69], [1500, 2631, -113], [968, 1309, -39], [451, 152, -85], [893, 204, 64], [621, 152, -63], [2063, 3094, -103], [1325, 166, 116], [1891, 202, 169], [680, 151, 49], [1205, 1186, 4], [1063, 984, 8], [1735, 1596, 14], [560, 151, 38], [593, 204, 40], [580, 151, 38], [2231, 2392, -14], [1379, 200, 113], [1260, 281, 93], [941, 152, -50], [1945, 216, 173], [1063, 134, 95], [871, 172, 65], [587, 258, 30], [1834, 185, 167], [2529, 250, 230], [620, 151, 43], [800, 151, 61], [871, 152, -47], [320, 151, 12], [830, 151, 65], [560, 151, 37], [480, 151, 30], [700, 151, 52], [481, 152, -82], [700, 151, 51], [1070, 171, 85], [801, 152, -49], [771, 152, -67], [450, 151, 25], [441, 152, -111], [700, 151, 50], [580, 151, 38], [1514, 145, 139], [1986, 187, 180], [1131, 152, -34], [797, 188, 57], [1344, 145, 120], [550, 151, 36], [411, 152, -99], [436, 237, 22], [980, 151, 79], [844, 765, 3], [450, 151, 25], [266, 127, 14], [735, 596, 9], [2273, 264, 201], [548, 1169, -62], [880, 701, 13], [286, 247, -1], [510, 151, 32], [359, 190, 17], [599, 230, 39], [408, 219, 19], [418, 249, 17], [1001, 332, 62], [2102, 223, 190], [670, 151, 47], [253, 254, -5], [1770, 181, 161], [900, 151, 71], [338, 269, 2], [1103, 264, 79], [607, 458, 10], [612, 503, 6], [498, 489, -4], [251, 252, -5], [870, 611, 21], [343, 224, 7], [1652, 273, 138], [1092, 183, 91], [250, 251, -5], [651, 152, -118], [849, 1090, -29], [534, 565, -8], [520, 151, 33], [321, 222, 5], [1964, 195, 177], [930, 151, 73], [791, 152, -85], [423, 364, 6], [366, 147, 23]]


--RUN 40--
Population Size: 50
Generations: 100
Maximum Total Score: 2088 
Maximum Distance Score: 1591 
Maximum Target Score: 185 
Best Overall Total Score: 2088 
Distance Score of Best Overall: 309 
Target Score of Best Overall: 176 

PARAMETERS:
Random Seed: 20152 
Mu: [4, 2, 2]   Mu Weights: None    Lambda: 42 
Population Size: 50
Maximum Allowed Distance: 4000 
Plane Y Speed: -3.5     Plane X Speed: 3
Multi-Objective Weight Function: distanceScore + (10 * targetScore)
Range of Horizontal Space between Adjacent Radar Pairs: 175 - 340
Range of Gap (Vertical Space) between Pair of Radars:  120 - 180
Minimum Length of Radar Beam: 80
Mutation Probability (Weighted for low maximum total scores): 1.5%
Number of Columns: 250
Number of Levels Back: 200

LISTS:
List of Best in Generation for Total Score: [0, 1099, 90, 81, 571, 831, 630, 157, 329, 1240, 904, 1483, 180, 290, 194, 413, 597, 448, 566, 355, 1933, 510, 1387, 389, 1639, 261, 1039, 980, 781, 703, 851, 179, 267, 851, 490, 857, 701, 220, 782, 711, 660, 541, 911, 301, 716, 351, 186, 577, 151, 1322, 394, 751, 110, 560, 691, 730, 628, 603, 2058, 747, 335, 430, 160, 280, 301, 412, 691, 890, 921, 951, 590, 580, 671, 1011, 400, 2088, 510, 1980, 383, 804, 701, 671, 681, 841, 878, 508, 451, 811, 581, 770, 740, 150, 580, 841, 431, 1141, 707, 582, 220, 254] 
List of Best in All Previous Generations for Total Score: [0, 1099, 1099, 1099, 1099, 1099, 1099, 1099, 1099, 1240, 1240, 1483, 1483, 1483, 1483, 1483, 1483, 1483, 1483, 1483, 1933, 1933, 1933, 1933, 1933, 1933, 1933, 1933, 1933, 1933, 1933, 1933, 1933, 1933, 1933, 1933, 1933, 1933, 1933, 1933, 1933, 1933, 1933, 1933, 1933, 1933, 1933, 1933, 1933, 1933, 1933, 1933, 1933, 1933, 1933, 1933, 1933, 1933, 2058, 2058, 2058, 2058, 2058, 2058, 2058, 2058, 2058, 2058, 2058, 2058, 2058, 2058, 2058, 2058, 2058, 2088, 2088, 2088, 2088, 2088, 2088, 2088, 2088, 2088, 2088, 2088, 2088, 2088, 2088, 2088, 2088, 2088, 2088, 2088, 2088, 2088, 2088, 2088, 2088, 2088] 
List of Best in Generation for Distance Score: [0, 439, 91, 82, 263, 228, 356, 158, 330, 586, 536, 314, 181, 379, 195, 414, 598, 149, 193, 356, 204, 380, 708, 557, 168, 263, 161, 231, 247, 324, 494, 180, 138, 291, 246, 328, 311, 175, 273, 242, 761, 900, 872, 205, 296, 478, 713, 158, 231, 529, 269, 370, 111, 197, 198, 399, 269, 284, 231, 308, 186, 261, 346, 339, 195, 233, 192, 235, 234, 229, 353, 264, 202, 224, 251, 412, 273, 261, 254, 277, 373, 302, 357, 262, 277, 154, 365, 293, 242, 459, 226, 232, 224, 399, 414, 474, 708, 1591, 170, 362] 
List of Best in All Previous Generations for Distance Score: [0, 439, 439, 439, 439, 439, 439, 439, 439, 586, 586, 586, 586, 586, 586, 586, 598, 598, 598, 598, 598, 598, 708, 708, 708, 708, 708, 708, 708, 708, 708, 708, 708, 708, 708, 708, 708, 708, 708, 708, 761, 900, 900, 900, 900, 900, 900, 900, 900, 900, 900, 900, 900, 900, 900, 900, 900, 900, 900, 900, 900, 900, 900, 900, 900, 900, 900, 900, 900, 900, 900, 900, 900, 900, 900, 900, 900, 900, 900, 900, 900, 900, 900, 900, 900, 900, 900, 900, 900, 900, 900, 900, 900, 900, 900, 900, 900, 1591, 1591, 1591] 
List of Best in Generation for Target Score: [0, 84, 0, 0, 42, 68, 48, 0, 0, 83, 53, 117, 0, 14, 0, 0, 0, 32, 38, 9, 173, 36, 68, 25, 149, 7, 90, 83, 63, 38, 70, 0, 13, 70, 34, 54, 55, 7, 52, 54, 51, 39, 76, 15, 63, 20, 2, 42, 0, 93, 20, 60, 0, 41, 54, 58, 38, 32, 185, 44, 17, 17, 1, 13, 15, 26, 54, 74, 77, 80, 44, 43, 52, 86, 25, 178, 36, 172, 14, 64, 55, 52, 53, 59, 63, 37, 26, 66, 43, 62, 59, 0, 43, 69, 28, 99, 53, 35, 7, 8] 
List of Best in All Previous Generations for Target Score: [0, 84, 84, 84, 84, 84, 84, 84, 84, 84, 84, 117, 117, 117, 117, 117, 117, 117, 117, 117, 173, 173, 173, 173, 173, 173, 173, 173, 173, 173, 173, 173, 173, 173, 173, 173, 173, 173, 173, 173, 173, 173, 173, 173, 173, 173, 173, 173, 173, 173, 173, 173, 173, 173, 173, 173, 173, 173, 185, 185, 185, 185, 185, 185, 185, 185, 185, 185, 185, 185, 185, 185, 185, 185, 185, 185, 185, 185, 185, 185, 185, 185, 185, 185, 185, 185, 185, 185, 185, 185, 185, 185, 185, 185, 185, 185, 185, 185, 185, 185] 
List of Scores for the Best Overall Plane in Each Generation: [[0, 0, 0], [1099, 270, 84], [90, 91, 0], [81, 82, 0], [571, 152, -34], [831, 152, 36], [630, 151, 46], [157, 158, 0], [329, 330, 0], [1240, 421, 80], [904, 525, 36], [1483, 314, 117], [180, 181, 0], [290, 291, 0], [194, 195, 0], [413, 414, 0], [597, 598, 0], [448, 149, 32], [566, 187, 36], [355, 356, 0], [1933, 204, 173], [510, 151, 35], [1387, 708, 68], [389, 140, 25], [1639, 160, 149], [261, 262, -2], [1039, 160, 90], [980, 151, 82], [781, 152, -2], [703, 324, 38], [851, 152, 28], [179, 180, 0], [267, 138, 13], [851, 152, 34], [490, 151, 33], [857, 328, 54], [701, 152, 17], [220, 151, 5], [782, 273, 52], [711, 172, 54], [660, 151, 49], [541, 152, 11], [911, 152, 43], [301, 152, 4], [716, 107, 63], [351, 152, 8], [186, 207, -4], [577, 158, 42], [151, 152, -16], [1322, 393, 93], [394, 195, 18], [751, 152, 1], [110, 111, 0], [560, 151, 40], [691, 152, 18], [730, 151, 57], [628, 269, 38], [603, 284, 32], [2058, 219, 185], [747, 308, 44], [335, 186, 17], [430, 261, 17], [160, 151, -1], [280, 151, 11], [301, 152, -34], [412, 233, 18], [691, 152, -2], [890, 151, 73], [921, 152, 51], [951, 152, 40], [590, 151, 42], [580, 151, 41], [671, 152, -25], [1011, 152, 44], [400, 151, 23], [2088, 309, 176], [510, 151, 34], [1980, 261, 172], [383, 254, 13], [804, 165, 62], [701, 152, 17], [671, 152, 1], [681, 152, -25], [841, 262, 59], [878, 249, 63], [508, 149, 37], [451, 192, 24], [811, 152, -13], [581, 152, -3], [770, 151, 61], [740, 151, 57], [150, 151, -2], [580, 151, 42], [841, 152, 38], [431, 152, -2], [1141, 152, 29], [707, 708, 0], [582, 343, 22], [220, 151, 5], [254, 255, 0]]


--RUN 41--
Population Size: 50
Generations: 100
Maximum Total Score: 2311 
Maximum Distance Score: 4000 
Maximum Target Score: 200 
Best Overall Total Score: 2311 
Distance Score of Best Overall: 312 
Target Score of Best Overall: 195 

PARAMETERS:
Random Seed: 99148 
Mu: [4, 2, 2]   Mu Weights: None    Lambda: 42 
Population Size: 50
Maximum Allowed Distance: 4000 
Plane Y Speed: -3.5     Plane X Speed: 3
Multi-Objective Weight Function: distanceScore + (10 * targetScore)
Range of Horizontal Space between Adjacent Radar Pairs: 175 - 340
Range of Gap (Vertical Space) between Pair of Radars:  120 - 180
Minimum Length of Radar Beam: 80
Mutation Probability (Weighted for low maximum total scores): 1.5%
Number of Columns: 250
Number of Levels Back: 200

LISTS:
List of Best in Generation for Total Score: [0, 495, 1263, 1105, 607, 1342, 588, 651, 1958, 600, 551, 549, 2295, 411, 750, 1533, 658, 901, 781, 411, 357, 1101, 154, 677, 1150, 2311, 671, 471, 760, 620, 687, 851, 681, 1215, 441, 150, 521, 680, 717, 700, 792, 785, 500, 954, 1978, 1071, 460, 1197, 561, 580, 707, 310, 400, 640, 880, 641, 335, 501, 834, 741, 730, 1023, 230, 687, 610, 569, 880, 810, 530, 480, 359, 540, 691, 190, 692, 1660, 451, 689, 991, 400, 661, 580, 881, 500, 601, 743, 551, 240, 731, 570, 694, 554, 483, 587, 904, 552, 701, 341, 876, 630] 
List of Best in All Previous Generations for Total Score: [0, 495, 1263, 1263, 1263, 1342, 1342, 1342, 1958, 1958, 1958, 1958, 2295, 2295, 2295, 2295, 2295, 2295, 2295, 2295, 2295, 2295, 2295, 2295, 2295, 2311, 2311, 2311, 2311, 2311, 2311, 2311, 2311, 2311, 2311, 2311, 2311, 2311, 2311, 2311, 2311, 2311, 2311, 2311, 2311, 2311, 2311, 2311, 2311, 2311, 2311, 2311, 2311, 2311, 2311, 2311, 2311, 2311, 2311, 2311, 2311, 2311, 2311, 2311, 2311, 2311, 2311, 2311, 2311, 2311, 2311, 2311, 2311, 2311, 2311, 2311, 2311, 2311, 2311, 2311, 2311, 2311, 2311, 2311, 2311, 2311, 2311, 2311, 2311, 2311, 2311, 2311, 2311, 2311, 2311, 2311, 2311, 2311, 2311, 2311] 
List of Best in Generation for Distance Score: [0, 536, 4000, 4000, 608, 4000, 2060, 4000, 862, 4000, 1816, 571, 4000, 3606, 1505, 4000, 4000, 663, 4000, 4000, 4000, 4000, 1157, 4000, 4000, 3587, 4000, 4000, 4000, 4000, 4000, 4000, 3302, 4000, 4000, 1192, 4000, 4000, 4000, 4000, 4000, 4000, 4000, 4000, 4000, 4000, 4000, 4000, 4000, 4000, 4000, 4000, 4000, 4000, 4000, 4000, 4000, 4000, 4000, 4000, 4000, 4000, 4000, 4000, 4000, 4000, 4000, 4000, 4000, 4000, 4000, 4000, 4000, 4000, 4000, 4000, 4000, 4000, 4000, 4000, 4000, 4000, 4000, 4000, 4000, 4000, 4000, 4000, 4000, 4000, 4000, 4000, 4000, 4000, 4000, 4000, 4000, 4000, 4000, 4000] 
List of Best in All Previous Generations for Distance Score: [0, 536, 4000, 4000, 4000, 4000, 4000, 4000, 4000, 4000, 4000, 4000, 4000, 4000, 4000, 4000, 4000, 4000, 4000, 4000, 4000, 4000, 4000, 4000, 4000, 4000, 4000, 4000, 4000, 4000, 4000, 4000, 4000, 4000, 4000, 4000, 4000, 4000, 4000, 4000, 4000, 4000, 4000, 4000, 4000, 4000, 4000, 4000, 4000, 4000, 4000, 4000, 4000, 4000, 4000, 4000, 4000, 4000, 4000, 4000, 4000, 4000, 4000, 4000, 4000, 4000, 4000, 4000, 4000, 4000, 4000, 4000, 4000, 4000, 4000, 4000, 4000, 4000, 4000, 4000, 4000, 4000, 4000, 4000, 4000, 4000, 4000, 4000, 4000, 4000, 4000, 4000, 4000, 4000, 4000, 4000, 4000, 4000, 4000, 4000] 
List of Best in Generation for Target Score: [0, 33, 78, 78, 48, 114, 45, 57, 166, 42, 40, 27, 162, 26, 60, 101, 36, 75, 63, 26, 19, 95, 0, 55, 70, 200, 52, 32, 61, 47, 51, 70, 53, 86, 29, 0, 37, 53, 55, 55, 50, 36, 35, 65, 146, 92, 31, 88, 41, 43, 41, 16, 25, 49, 73, 49, 18, 35, 66, 59, 58, 45, 8, 51, 46, 35, 73, 66, 38, 33, 11, 39, 54, 4, 47, 61, 30, 20, 84, 25, 51, 43, 62, 35, 45, 57, 40, 9, 58, 42, 41, 43, 33, 27, 58, 24, 55, 12, 48, 50] 
List of Best in All Previous Generations for Target Score: [0, 33, 78, 78, 78, 114, 114, 114, 166, 166, 166, 166, 166, 166, 166, 166, 166, 166, 166, 166, 166, 166, 166, 166, 166, 200, 200, 200, 200, 200, 200, 200, 200, 200, 200, 200, 200, 200, 200, 200, 200, 200, 200, 200, 200, 200, 200, 200, 200, 200, 200, 200, 200, 200, 200, 200, 200, 200, 200, 200, 200, 200, 200, 200, 200, 200, 200, 200, 200, 200, 200, 200, 200, 200, 200, 200, 200, 200, 200, 200, 200, 200, 200, 200, 200, 200, 200, 200, 200, 200, 200, 200, 200, 200, 200, 200, 200, 200, 200, 200] 
List of Scores for the Best Overall Plane in Each Generation: [[0, 0, 0], [495, 166, 33], [1263, 534, 68], [1105, 326, 75], [607, 148, 48], [1342, 223, 114], [588, 149, 45], [651, 102, 57], [1958, 299, 161], [600, 471, 8], [551, 152, -160], [549, 300, 20], [2295, 676, 157], [411, 152, -79], [750, 151, 57], [1533, 534, 95], [658, 299, 31], [901, 152, -37], [781, 152, -22], [411, 152, -149], [357, 238, 12], [1101, 152, -48], [154, 155, -5], [677, 148, 55], [1150, 451, 66], [2311, 312, 195], [671, 152, -67], [471, 152, -118], [760, 151, 57], [620, 151, 43], [687, 278, 36], [851, 152, -8], [681, 152, -83], [1215, 426, 74], [441, 152, -131], [150, 151, -5], [521, 152, -92], [680, 151, 50], [717, 168, 55], [700, 151, 52], [792, 293, 45], [785, 786, 0], [500, 151, 30], [954, 305, 60], [1978, 539, 146], [1071, 152, 33], [460, 151, 26], [1197, 318, 88], [561, 152, -79], [580, 151, 39], [707, 538, 12], [310, 151, 11], [400, 151, 20], [640, 151, 45], [880, 151, 69], [641, 152, 19], [335, 156, 14], [501, 152, -74], [834, 175, 61], [741, 152, -55], [730, 151, 53], [1023, 1024, 0], [230, 151, 4], [687, 688, 0], [610, 151, 43], [569, 570, 0], [880, 151, 71], [810, 151, 61], [530, 151, 33], [480, 151, 30], [359, 360, 0], [540, 151, 34], [691, 152, -56], [190, 151, -1], [692, 693, 0], [1660, 1661, 0], [451, 152, -128], [689, 690, 0], [991, 152, -60], [400, 151, 20], [661, 152, -107], [580, 151, 40], [881, 882, 0], [500, 151, 30], [601, 152, -49], [743, 174, 53], [551, 152, -40], [240, 151, 4], [731, 152, -100], [570, 151, 38], [694, 695, 0], [554, 145, 43], [483, 304, 13], [587, 698, -16], [904, 355, 50], [552, 313, 19], [701, 152, -74], [341, 272, 2], [876, 437, 39], [630, 151, 50]]


--RUN 42--
Population Size: 50
Generations: 100
Maximum Total Score: 5246 
Maximum Distance Score: 4000 
Maximum Target Score: 204 
Best Overall Total Score: 5246 
Distance Score of Best Overall: 3957 
Target Score of Best Overall: 127 

PARAMETERS:
Random Seed: 41938 
Mu: [4, 2, 2]   Mu Weights: None    Lambda: 42 
Population Size: 50
Maximum Allowed Distance: 4000 
Plane Y Speed: -3.5     Plane X Speed: 3
Multi-Objective Weight Function: distanceScore + (10 * targetScore)
Range of Horizontal Space between Adjacent Radar Pairs: 175 - 340
Range of Gap (Vertical Space) between Pair of Radars:  120 - 180
Minimum Length of Radar Beam: 80
Mutation Probability (Weighted for low maximum total scores): 1.5%
Number of Columns: 250
Number of Levels Back: 200

LISTS:
List of Best in Generation for Total Score: [0, 699, 711, 705, 581, 2345, 671, 491, 1231, 329, 351, 730, 510, 912, 571, 658, 1836, 343, 831, 483, 1043, 938, 896, 1527, 501, 457, 1141, 1744, 701, 470, 1102, 371, 971, 3229, 600, 914, 1069, 1561, 379, 745, 1289, 720, 242, 260, 1038, 2745, 2164, 1261, 1118, 849, 1988, 441, 1836, 557, 5246, 348, 428, 550, 3172, 460, 1460, 391, 1187, 735, 341, 2023, 1316, 2155, 835, 2279, 794, 3383, 1031, 1269, 748, 896, 1081, 441, 1501, 1375, 1022, 860, 1074, 556, 852, 600, 1259, 1323, 580, 1160, 995, 321, 507, 828, 1018, 570, 2581, 734, 370, 252] 
List of Best in All Previous Generations for Total Score: [0, 699, 711, 711, 711, 2345, 2345, 2345, 2345, 2345, 2345, 2345, 2345, 2345, 2345, 2345, 2345, 2345, 2345, 2345, 2345, 2345, 2345, 2345, 2345, 2345, 2345, 2345, 2345, 2345, 2345, 2345, 2345, 3229, 3229, 3229, 3229, 3229, 3229, 3229, 3229, 3229, 3229, 3229, 3229, 3229, 3229, 3229, 3229, 3229, 3229, 3229, 3229, 3229, 5246, 5246, 5246, 5246, 5246, 5246, 5246, 5246, 5246, 5246, 5246, 5246, 5246, 5246, 5246, 5246, 5246, 5246, 5246, 5246, 5246, 5246, 5246, 5246, 5246, 5246, 5246, 5246, 5246, 5246, 5246, 5246, 5246, 5246, 5246, 5246, 5246, 5246, 5246, 5246, 5246, 5246, 5246, 5246, 5246, 5246] 
List of Best in Generation for Distance Score: [0, 320, 782, 549, 266, 400, 158, 201, 322, 428, 284, 266, 268, 564, 182, 212, 347, 216, 334, 4000, 4000, 4000, 4000, 4000, 4000, 4000, 4000, 4000, 4000, 4000, 4000, 4000, 4000, 4000, 4000, 4000, 4000, 4000, 4000, 4000, 4000, 4000, 4000, 4000, 4000, 4000, 4000, 4000, 4000, 4000, 4000, 4000, 4000, 4000, 4000, 4000, 4000, 4000, 4000, 4000, 4000, 4000, 4000, 4000, 4000, 4000, 4000, 4000, 4000, 4000, 4000, 4000, 4000, 4000, 4000, 4000, 4000, 4000, 4000, 4000, 4000, 4000, 4000, 4000, 4000, 4000, 4000, 4000, 4000, 4000, 4000, 4000, 4000, 4000, 4000, 4000, 4000, 4000, 4000, 4000] 
List of Best in All Previous Generations for Distance Score: [0, 320, 782, 782, 782, 782, 782, 782, 782, 782, 782, 782, 782, 782, 782, 782, 782, 782, 782, 4000, 4000, 4000, 4000, 4000, 4000, 4000, 4000, 4000, 4000, 4000, 4000, 4000, 4000, 4000, 4000, 4000, 4000, 4000, 4000, 4000, 4000, 4000, 4000, 4000, 4000, 4000, 4000, 4000, 4000, 4000, 4000, 4000, 4000, 4000, 4000, 4000, 4000, 4000, 4000, 4000, 4000, 4000, 4000, 4000, 4000, 4000, 4000, 4000, 4000, 4000, 4000, 4000, 4000, 4000, 4000, 4000, 4000, 4000, 4000, 4000, 4000, 4000, 4000, 4000, 4000, 4000, 4000, 4000, 4000, 4000, 4000, 4000, 4000, 4000, 4000, 4000, 4000, 4000, 4000, 4000] 
List of Best in Generation for Target Score: [0, 54, 48, 33, 43, 199, 52, 34, 108, 12, 20, 58, 36, 52, 42, 54, 159, 21, 68, 36, 36, 63, 56, 70, 35, 27, 80, 93, 55, 32, 88, 22, 82, 204, 45, 63, 44, 60, 25, 46, 63, 57, 4, 11, 58, 140, 126, 96, 64, 63, 182, 29, 166, 13, 135, 2, 19, 40, 5, 31, 113, 24, 76, 55, 19, 158, 34, 43, 31, 115, 26, 48, 88, 102, 38, 51, 44, 20, 83, 51, 72, 29, 77, 42, 37, 45, 75, 63, 42, 82, 57, 17, 36, 48, 54, 42, 59, 15, 22, 1] 
List of Best in All Previous Generations for Target Score: [0, 54, 54, 54, 54, 199, 199, 199, 199, 199, 199, 199, 199, 199, 199, 199, 199, 199, 199, 199, 199, 199, 199, 199, 199, 199, 199, 199, 199, 199, 199, 199, 199, 204, 204, 204, 204, 204, 204, 204, 204, 204, 204, 204, 204, 204, 204, 204, 204, 204, 204, 204, 204, 204, 204, 204, 204, 204, 204, 204, 204, 204, 204, 204, 204, 204, 204, 204, 204, 204, 204, 204, 204, 204, 204, 204, 204, 204, 204, 204, 204, 204, 204, 204, 204, 204, 204, 204, 204, 204, 204, 204, 204, 204, 204, 204, 204, 204, 204, 204] 
List of Scores for the Best Overall Plane in Each Generation: [[0, 0, 0], [699, 320, 38], [711, 312, 38], [705, 436, 25], [581, 152, -35], [2345, 356, 197], [671, 152, -2], [491, 152, -14], [1231, 152, 57], [329, 210, 12], [351, 152, -60], [730, 151, 57], [510, 151, 35], [912, 393, 50], [571, 152, -34], [658, 139, 54], [1836, 247, 159], [343, 134, 21], [831, 152, 9], [483, 134, 36], [1043, 2414, -139], [938, 309, 61], [896, 337, 54], [1527, 1628, -12], [501, 152, -3], [457, 458, -2], [1141, 342, 78], [1744, 905, 82], [701, 152, -11], [470, 151, 30], [1102, 223, 88], [371, 152, -56], [971, 152, 4], [3229, 1190, 202], [600, 151, 43], [914, 285, 61], [1069, 630, 43], [1561, 3922, -238], [379, 150, 25], [745, 376, 35], [1289, 660, 61], [720, 151, 56], [242, 243, 0], [260, 151, 10], [1038, 559, 46], [2745, 1346, 138], [2164, 2305, -16], [1261, 302, 94], [1118, 529, 58], [849, 3380, -255], [1988, 189, 182], [441, 152, -33], [1836, 197, 166], [557, 428, 11], [5246, 3957, 127], [348, 349, -2], [428, 239, 18], [550, 151, 39], [3172, 3873, -72], [460, 151, 30], [1460, 341, 112], [391, 152, 13], [1187, 428, 74], [735, 396, 32], [341, 152, -25], [2023, 3954, -195], [1316, 3837, -254], [2155, 3476, -134], [835, 526, 30], [2279, 1880, 38], [794, 635, 14], [3383, 3444, -8], [1031, 152, 22], [1269, 260, 102], [748, 369, 36], [896, 577, 30], [1081, 642, 42], [441, 242, 20], [1501, 3452, -197], [1375, 1976, -62], [1022, 303, 71], [860, 601, 25], [1074, 305, 77], [556, 147, 42], [852, 523, 31], [600, 151, 43], [1259, 2410, -116], [1323, 1014, 29], [580, 921, -36], [1160, 341, 80], [995, 656, 34], [321, 152, 8], [507, 148, 36], [828, 2849, -204], [1018, 2419, -142], [570, 151, 41], [2581, 3332, -77], [734, 585, 13], [370, 151, 20], [252, 1033, -80]]


--RUN 47--
Population Size: 10
Generations: 10
Maximum Total Score: 491 
Maximum Distance Score: 601 
Maximum Target Score: 34 
Best Overall Total Score: 491 
Distance Score of Best Overall: 152 
Target Score of Best Overall: -38 

PARAMETERS:
Random Seed: 76801 
Mu: [4, 0, 0]   Mu Weights: None    Lambda: 6 
Population Size: 10
Maximum Allowed Distance: 4000 
Plane Y Speed: -3.5     Plane X Speed: 3
Multi-Objective Weight Function: distanceScore + (10 * targetScore)
Range of Horizontal Space between Adjacent Radar Pairs: 175 - 340
Range of Gap (Vertical Space) between Pair of Radars:  120 - 180
Minimum Length of Radar Beam: 80
Mutation Probability (Weighted for low maximum total scores): 1.5%
Number of Columns: 250
Number of Levels Back: 200

LISTS:
List of Best in Generation for Total Score: [0, 491, 166, 169, 179, 99, 69, 52, 92, 77] 
List of Best in All Previous Generations for Total Score: [0, 491, 491, 491, 491, 491, 491, 491, 491, 491] 
List of Best in Generation for Distance Score: [0, 601, 167, 170, 180, 100, 70, 53, 93, 78] 
List of Best in All Previous Generations for Distance Score: [0, 601, 601, 601, 601, 601, 601, 601, 601, 601] 
List of Best in Generation for Target Score: [0, 34, 0, 0, 0, 0, 0, 0, 0, 0] 
List of Best in All Previous Generations for Target Score: [0, 34, 34, 34, 34, 34, 34, 34, 34, 34] 
List of Scores for the Best Overall Plane in Each Generation: [[0, 0, 0], [491, 152, -38], [166, 167, 0], [169, 170, 0], [179, 180, 0], [99, 100, 0], [69, 70, 0], [52, 53, 0], [92, 93, 0], [77, 78, 0]]
