
--RUN 22--
Population Size: 30
Generations: 100
Maximum Total Score: 4379.0
Maximum Distance Score: 4000
Maximum Target Score: 38.5
Best Overall Total Score: 4379.0
Distance Score of Best Overall: 4000
Target Score of Best Overall: 38.0

PARAMETERS:
Random Seed: 47
Mu: [3, 2, 2]   Mu Weights: [10, 20, 30, 55, 80, 90, 100]    Lambda: 23
Population Size: 30
Maximum Allowed Distance: 4000
Plane Y Speed: -3.5     Plane X Speed: 3
Multi-Objective Weight Function: distanceScore + (10 * targetScore)
Range of Horizontal Space between Adjacent Radar Pairs: 175 - 340
Range of Gap (Vertical Space) between Pair of Radars:  120 - 180
Minimum Length of Radar Beam: 80
Mutation Probability (Weighted for low maximum total scores): 1.5%
Number of Columns: 250
Number of Levels Back: 200

LISTS:
List of Best in Generation for Total Score: [0, 208, 4079.0, 4019.0, 1070.0, 264, 4379.0, 3904.0, 1069.0, 4184.0, 4154.0, 1433.0, 734.0, 3729.0, 4189.0, 4304.0, 1022.0, 4309.0, 4004.0, 132, 375, 273, 191, 186.0, 273, 150, 284, 279, 275, 380, 258, 654, 270, 270, 190, 246, 230, 269, 386, 230, 160, 313, 190, 317, 230, 290, 190, 190, 180, 255, 343, 500, 977.0, 262.0, 298.0, 266.0, 190, 190, 375, 282, 230, 356, 190, 197, 193, 204, 191, 235, 235, 222, 230, 520, 424, 715, 230, 230, 230, 951, 190, 175, 189, 320, 256, 332, 276, 546, 315.0, 331, 342.0, 202, 151, 288, 236, 213.0, 215, 190, 230, 263, 230, 191]
List of Best in All Previous Generations for Total Score: [0, 208, 4079.0, 4079.0, 4079.0, 4079.0, 4379.0, 4379.0, 4379.0, 4379.0, 4379.0, 4379.0, 4379.0, 4379.0, 4379.0, 4379.0, 4379.0, 4379.0, 4379.0, 4379.0, 4379.0, 4379.0, 4379.0, 4379.0, 4379.0, 4379.0, 4379.0, 4379.0, 4379.0, 4379.0, 4379.0, 4379.0, 4379.0, 4379.0, 4379.0, 4379.0, 4379.0, 4379.0, 4379.0, 4379.0, 4379.0, 4379.0, 4379.0, 4379.0, 4379.0, 4379.0, 4379.0, 4379.0, 4379.0, 4379.0, 4379.0, 4379.0, 4379.0, 4379.0, 4379.0, 4379.0, 4379.0, 4379.0, 4379.0, 4379.0, 4379.0, 4379.0, 4379.0, 4379.0, 4379.0, 4379.0, 4379.0, 4379.0, 4379.0, 4379.0, 4379.0, 4379.0, 4379.0, 4379.0, 4379.0, 4379.0, 4379.0, 4379.0, 4379.0, 4379.0, 4379.0, 4379.0, 4379.0, 4379.0, 4379.0, 4379.0, 4379.0, 4379.0, 4379.0, 4379.0, 4379.0, 4379.0, 4379.0, 4379.0, 4379.0, 4379.0, 4379.0, 4379.0, 4379.0, 4379.0]
List of Best in Generation for Distance Score: [0, 209, 4000, 4000, 1086, 265, 4000, 4000, 1218, 4000, 4000, 1474, 705, 4000, 4000, 4000, 953, 4000, 4000, 133, 376, 274, 186, 169, 274, 152, 285, 280, 503, 381, 876, 655, 1240, 896, 745, 738, 916, 438, 606, 1691, 161, 314, 179, 387, 319, 291, 326, 498, 4000, 4000, 2807, 1637, 1297, 991, 969, 4000, 2412, 3443, 567, 1492, 2341, 2694, 4000, 1096, 623, 726, 1241, 371, 717, 419, 927, 2125, 910, 716, 3488, 4000, 4000, 1745, 187, 249, 407, 321, 257, 333, 441, 948, 1179, 482, 498, 347, 432, 679, 1436, 279, 216, 159, 232, 722, 1169, 680]
List of Best in All Previous Generations for Distance Score: [0, 209, 4000, 4000, 4000, 4000, 4000, 4000, 4000, 4000, 4000, 4000, 4000, 4000, 4000, 4000, 4000, 4000, 4000, 4000, 4000, 4000, 4000, 4000, 4000, 4000, 4000, 4000, 4000, 4000, 4000, 4000, 4000, 4000, 4000, 4000, 4000, 4000, 4000, 4000, 4000, 4000, 4000, 4000, 4000, 4000, 4000, 4000, 4000, 4000, 4000, 4000, 4000, 4000, 4000, 4000, 4000, 4000, 4000, 4000, 4000, 4000, 4000, 4000, 4000, 4000, 4000, 4000, 4000, 4000, 4000, 4000, 4000, 4000, 4000, 4000, 4000, 4000, 4000, 4000, 4000, 4000, 4000, 4000, 4000, 4000, 4000, 4000, 4000, 4000, 4000, 4000, 4000, 4000, 4000, 4000, 4000, 4000, 4000, 4000]
List of Best in Generation for Target Score: [0, 4, 15.0, 17.0, 6.0, 0, 38.5, 2.5, 2.0, 19.0, 21.0, 8, 7.0, 4, 21.0, 33.0, 12, 31.5, 17.0, 0, 0, 0, 4, 3.5, 0, 0, 0, 0, 0, 8, 8, 0, 12, 12, 4, 4, 8, 0, 4, 8, 0, 8, 4, 4, 8, 4, 4, 4, 0, 4, 4, 0, 8, 8, 4, 11.5, 4, 4, 8, 4, 8, 8, 4, 0, 0, 4, 4, 4, 8, 4, 8, 8, 4, 0, 8, 8, 8, 4, 4, 0, 0, 0, 4, 0, 7.5, 8, 1.0, 4, 2.0, 0, 0, 4, 4, 4, 4, 4, 8, 4, 8, 0]
List of Best in All Previous Generations for Target Score: [0, 4, 15.0, 17.0, 17.0, 17.0, 38.5, 38.5, 38.5, 38.5, 38.5, 38.5, 38.5, 38.5, 38.5, 38.5, 38.5, 38.5, 38.5, 38.5, 38.5, 38.5, 38.5, 38.5, 38.5, 38.5, 38.5, 38.5, 38.5, 38.5, 38.5, 38.5, 38.5, 38.5, 38.5, 38.5, 38.5, 38.5, 38.5, 38.5, 38.5, 38.5, 38.5, 38.5, 38.5, 38.5, 38.5, 38.5, 38.5, 38.5, 38.5, 38.5, 38.5, 38.5, 38.5, 38.5, 38.5, 38.5, 38.5, 38.5, 38.5, 38.5, 38.5, 38.5, 38.5, 38.5, 38.5, 38.5, 38.5, 38.5, 38.5, 38.5, 38.5, 38.5, 38.5, 38.5, 38.5, 38.5, 38.5, 38.5, 38.5, 38.5, 38.5, 38.5, 38.5, 38.5, 38.5, 38.5, 38.5, 38.5, 38.5, 38.5, 38.5, 38.5, 38.5, 38.5, 38.5, 38.5, 38.5, 38.5]
List of Scores for the Best Overall Plane in Each Generation: [[0, 0, 0], [208, 209, 0], [4079.0, 4000, 8.0], [4019.0, 4000, 2.0], [1070.0, 1086, -1.5], [264, 265, 0], [4379.0, 4000, 38.0], [3904.0, 4000, -9.5], [1069.0, 1105, -4.0], [4184.0, 4000, 18.5], [4154.0, 4000, 15.0], [1433.0, 1474, -4.0], [734.0, 705, 7.0], [3729.0, 4000, -27.0], [4189.0, 4000, 19.0], [4304.0, 4000, 30.5], [1022.0, 953, 7.0], [4309.0, 4000, 31.0], [4004.0, 4000, 0.5], [132, 133, 0], [375, 376, 0], [273, 274, 0], [191, 152, -9.0], [186.0, 152, -16.0], [273, 274, 0], [150, 151, -0.5], [284, 285, 0], [279, 280, 0], [275, 276, 0], [380, 381, 0], [258, 259, 0], [654, 655, 0], [270, 151, 11.5], [270, 151, 10.0], [190, 151, 3.5], [246, 247, 0], [230, 151, 7.5], [269, 270, 0], [386, 387, 0], [230, 151, 7.5], [160, 161, 0], [313, 314, 0], [190, 151, 3.5], [317, 318, 0], [230, 151, 7.5], [290, 291, 0], [190, 151, 3.5], [190, 151, 3.5], [180, 181, 0], [255, 256, 0], [343, 344, 0], [500, 501, -0.5], [977.0, 1223, -25.0], [262.0, 423, -16.0], [298.0, 384, -8.5], [266.0, 152, -8.0], [190, 151, 3.5], [190, 151, 3.5], [375, 376, 0], [282, 283, 0], [230, 151, 7.5], [356, 357, 0], [190, 151, 3.5], [197, 198, 0], [193, 194, 0], [204, 205, -0.5], [191, 152, -4.5], [235, 236, 0], [235, 236, 0], [222, 223, 0], [230, 151, 7.5], [520, 521, 0], [424, 425, 0], [715, 716, 0], [230, 151, 7.5], [230, 151, 7.5], [230, 151, 7.5], [951, 952, 0], [190, 151, 3.5], [175, 176, 0], [189, 190, -0.5], [320, 321, 0], [256, 257, 0], [332, 333, 0], [276, 277, 0], [546, 467, 7.5], [315.0, 341, -2.5], [331, 332, 0], [342.0, 498, -15.5], [202, 203, -0.5], [151, 152, -12.5], [288, 249, 3.5], [236, 237, -0.5], [213.0, 279, -6.5], [215, 216, 0], [190, 151, 3.5], [230, 151, 7.5], [263, 264, 0], [230, 151, 6.0], [191, 192, 0]]


--RUN 23--
Population Size: 30
Generations: 100
Maximum Total Score: 3097
Maximum Distance Score: 4000
Maximum Target Score: 16
Best Overall Total Score: 3097
Distance Score of Best Overall: 3098
Target Score of Best Overall: 0

PARAMETERS:
Random Seed: 47
Mu: [3, 2, 2]   Mu Weights: [7, 14, 21, 45, 69, 93, 100]    Lambda: 23
Population Size: 30
Maximum Allowed Distance: 4000
Plane Y Speed: -3.5     Plane X Speed: 3
Multi-Objective Weight Function: distanceScore + (10 * targetScore)
Range of Horizontal Space between Adjacent Radar Pairs: 175 - 340
Range of Gap (Vertical Space) between Pair of Radars:  120 - 180
Minimum Length of Radar Beam: 80
Mutation Probability (Weighted for low maximum total scores): 1.5%
Number of Columns: 100
Number of Levels Back: 200

LISTS:
List of Best in Generation for Total Score: [0, 212, 252, 267, 140, 162, 150, 249, 74, 71, 332.0, 247.0, 442.0, 220, 425.0, 346.0, 364.0, 379.0, 201, 430.0, 360.0, 320.0, 257.0, 459.0, 471.0, 587.0, 191, 423, 687, 486.0, 239, 165, 331, 439, 270, 906, 696, 437, 808, 361, 185, 594, 304, 330, 564, 576, 230, 381, 300, 404, 286, 356, 389, 1215.0, 898.0, 966.0, 854, 303, 752, 551, 604, 588, 398, 569, 299, 617, 163, 605, 230, 723, 759, 1056, 637, 1027, 602, 256, 621.0, 311, 788, 803, 685, 547, 584, 1416.0, 935.0, 484.0, 571.0, 658, 3097, 378, 332, 419, 1502, 459, 627.0, 474, 411, 190, 347, 425]
List of Best in All Previous Generations for Total Score: [0, 212, 252, 267, 267, 267, 267, 267, 267, 267, 332.0, 332.0, 442.0, 442.0, 442.0, 442.0, 442.0, 442.0, 442.0, 442.0, 442.0, 442.0, 442.0, 459.0, 471.0, 587.0, 587.0, 587.0, 687, 687, 687, 687, 687, 687, 687, 906, 906, 906, 906, 906, 906, 906, 906, 906, 906, 906, 906, 906, 906, 906, 906, 906, 906, 1215.0, 1215.0, 1215.0, 1215.0, 1215.0, 1215.0, 1215.0, 1215.0, 1215.0, 1215.0, 1215.0, 1215.0, 1215.0, 1215.0, 1215.0, 1215.0, 1215.0, 1215.0, 1215.0, 1215.0, 1215.0, 1215.0, 1215.0, 1215.0, 1215.0, 1215.0, 1215.0, 1215.0, 1215.0, 1215.0, 1416.0, 1416.0, 1416.0, 1416.0, 1416.0, 3097, 3097, 3097, 3097, 3097, 3097, 3097, 3097, 3097, 3097, 3097, 3097]
List of Best in Generation for Distance Score: [0, 213, 416, 268, 141, 174, 191, 250, 75, 72, 403, 258, 401, 187, 506, 367, 445, 353, 202, 585, 341, 355, 433, 453, 502, 633, 192, 424, 732, 480, 240, 166, 4000, 4000, 4000, 4000, 4000, 4000, 4000, 4000, 4000, 4000, 4000, 4000, 4000, 4000, 4000, 4000, 4000, 4000, 4000, 4000, 4000, 4000, 4000, 4000, 4000, 4000, 4000, 4000, 4000, 4000, 4000, 4000, 4000, 4000, 4000, 4000, 4000, 4000, 4000, 4000, 4000, 4000, 4000, 4000, 4000, 4000, 4000, 4000, 4000, 4000, 4000, 4000, 4000, 4000, 4000, 4000, 4000, 4000, 4000, 4000, 4000, 4000, 4000, 4000, 4000, 4000, 4000, 4000]
List of Best in All Previous Generations for Distance Score: [0, 213, 416, 416, 416, 416, 416, 416, 416, 416, 416, 416, 416, 416, 506, 506, 506, 506, 506, 585, 585, 585, 585, 585, 585, 633, 633, 633, 732, 732, 732, 732, 4000, 4000, 4000, 4000, 4000, 4000, 4000, 4000, 4000, 4000, 4000, 4000, 4000, 4000, 4000, 4000, 4000, 4000, 4000, 4000, 4000, 4000, 4000, 4000, 4000, 4000, 4000, 4000, 4000, 4000, 4000, 4000, 4000, 4000, 4000, 4000, 4000, 4000, 4000, 4000, 4000, 4000, 4000, 4000, 4000, 4000, 4000, 4000, 4000, 4000, 4000, 4000, 4000, 4000, 4000, 4000, 4000, 4000, 4000, 4000, 4000, 4000, 4000, 4000, 4000, 4000, 4000, 4000]
List of Best in Generation for Target Score: [0, 0, 8, 0, 0, 0, 0, 0, 0, 0, 4, 0, 7.0, 4, 8, 0, 0, 8, 0, 0, 7.0, 4, 4, 3.0, 7.0, 8, 0, 0, 4, 7.0, 0, 0, 0, 3.5, 12, 0, 4, 4, 8, 4, 0, 4, 8, 4, 0, 8, 8, 15.5, 0, 4, 8, 4, 4, 16, 0, 4, 4, 4, 4, 4, 4, 8, 4, 16, 8, 12, 0, 12, 8, 4, 0, 4, 4, 4, 8, 8, 16, 8, 4, 4, 4, 8, 8, 8, 0, 8, 7.5, 16, 8, 4, 4, 0, 11.5, 4, 12, 4, 4, 4, 8, 11.5]
List of Best in All Previous Generations for Target Score: [0, 0, 8, 8, 8, 8, 8, 8, 8, 8, 8, 8, 8, 8, 8, 8, 8, 8, 8, 8, 8, 8, 8, 8, 8, 8, 8, 8, 8, 8, 8, 8, 8, 8, 12, 12, 12, 12, 12, 12, 12, 12, 12, 12, 12, 12, 12, 15.5, 15.5, 15.5, 15.5, 15.5, 15.5, 16, 16, 16, 16, 16, 16, 16, 16, 16, 16, 16, 16, 16, 16, 16, 16, 16, 16, 16, 16, 16, 16, 16, 16, 16, 16, 16, 16, 16, 16, 16, 16, 16, 16, 16, 16, 16, 16, 16, 16, 16, 16, 16, 16, 16, 16, 16]
List of Scores for the Best Overall Plane in Each Generation: [[0, 0, 0], [212, 213, 0], [252, 253, -0.5], [267, 268, 0], [140, 141, 0], [162, 163, 0], [150, 151, -0.5], [249, 250, 0], [74, 75, 0], [71, 72, 0], [332.0, 403, -7.0], [247.0, 258, -1.0], [442.0, 383, 5.5], [220, 181, 3.5], [425.0, 506, -8.0], [346.0, 367, -2.0], [364.0, 445, -8.0], [379.0, 320, 5.5], [201, 202, 0], [430.0, 561, -13.5], [360.0, 341, 2.0], [320.0, 341, -2.5], [257.0, 408, -15.5], [459.0, 450, 0.5], [471.0, 502, -3.0], [587.0, 633, -4.5], [191, 192, 0], [423, 424, 0], [687, 688, 0], [486.0, 477, 0.5], [239, 240, 0], [165, 166, 0], [331, 332, 0], [439, 440, 0], [270, 151, 11.5], [906, 907, 0], [696, 697, 0], [437, 438, 0], [808, 809, 0], [361, 362, 0], [185, 186, 0], [594, 595, 0], [304, 305, 0], [330, 331, 0], [564, 565, 0], [576, 577, 0], [230, 231, 0], [381, 382, 0], [300, 301, 0], [404, 405, 0], [286, 287, 0], [356, 357, 0], [389, 390, 0], [1215.0, 1321, -10.5], [898.0, 984, -9.0], [966.0, 1052, -8.5], [854, 855, 0], [303, 304, 0], [752, 753, 0], [551, 552, 0], [604, 605, 0], [588, 589, 0], [398, 399, 0], [569, 570, 0], [299, 300, 0], [617, 618, 0], [163, 164, 0], [605, 606, 0], [230, 151, 7.5], [723, 724, 0], [759, 760, 0], [1056, 1057, 0], [637, 638, 0], [1027, 1028, 0], [602, 603, 0], [256, 257, 0], [621.0, 687, -6.5], [311, 312, 0], [788, 789, 0], [803, 804, 0], [685, 686, 0], [547, 548, 0], [584, 585, 0], [1416.0, 1482, -6.5], [935.0, 1071, -13.5], [484.0, 570, -8.5], [571.0, 657, -8.5], [658, 659, 0], [3097, 3098, 0], [378, 379, 0], [332, 333, 0], [419, 420, 0], [1502, 1503, 0], [459, 460, 0], [627.0, 718, -9.0], [474, 475, 0], [411, 412, 0], [190, 151, 3.5], [347, 348, 0], [425, 426, 0]]


--RUN 24--
Population Size: 30
Generations: 100
Maximum Total Score: 4119.0
Maximum Distance Score: 4000
Maximum Target Score: 28.5
Best Overall Total Score: 4119.0
Distance Score of Best Overall: 4000
Target Score of Best Overall: 12.0

PARAMETERS:
Random Seed: 47
Mu: [3, 2, 2]   Mu Weights: [7, 14, 21, 45, 69, 93, 100]    Lambda: 23
Population Size: 30
Maximum Allowed Distance: 4000
Plane Y Speed: -3.5     Plane X Speed: 3
Multi-Objective Weight Function: distanceScore + (10 * targetScore)
Range of Horizontal Space between Adjacent Radar Pairs: 175 - 340
Range of Gap (Vertical Space) between Pair of Radars:  120 - 180
Minimum Length of Radar Beam: 80
Mutation Probability (Weighted for low maximum total scores): 1.5%
Number of Columns: 50
Number of Levels Back: 200

LISTS:
List of Best in Generation for Total Score: [0, 225.0, 218, 323, 231, 445, 365, 391.0, 173, 346, 391.0, 202, 593.0, 165, 190, 891.0, 799.0, 575.0, 4049.0, 3399.0, 3659.0, 3724.0, 3314.0, 3405.0, 3139.0, 3109.0, 3694.0, 3489.0, 3224.0, 3509.0, 3224.0, 3184.0, 3434.0, 3124.0, 3559.0, 3082.0, 3249.0, 3370.0, 3309.0, 3349.0, 3071.0, 3614.0, 3309.0, 3681.0, 3129.0, 3044.0, 3305.0, 3504.0, 3509.0, 3189.0, 3594.0, 3079.0, 3169.0, 2902.0, 3224.0, 3444.0, 3370.0, 3669.0, 3334.0, 3094.0, 3504.0, 3564.0, 3259.0, 3434.0, 3449.0, 3680.0, 3524.0, 3354.0, 3531.0, 3539.0, 3139.0, 3224.0, 3800.0, 3682.0, 3559.0, 3344.0, 3889.0, 3989.0, 3999, 2919.0, 3344.0, 3979.0, 3999, 4119.0, 3999, 3109.0, 3279.0, 3999, 3999, 3289.0, 3709.0, 3429.0, 3344.0, 3178.0, 3434.0, 3204.0, 3264.0, 3708.0, 3669.0, 3444.0]
List of Best in All Previous Generations for Total Score: [0, 225.0, 225.0, 323, 323, 445, 445, 445, 445, 445, 445, 445, 593.0, 593.0, 593.0, 891.0, 891.0, 891.0, 4049.0, 4049.0, 4049.0, 4049.0, 4049.0, 4049.0, 4049.0, 4049.0, 4049.0, 4049.0, 4049.0, 4049.0, 4049.0, 4049.0, 4049.0, 4049.0, 4049.0, 4049.0, 4049.0, 4049.0, 4049.0, 4049.0, 4049.0, 4049.0, 4049.0, 4049.0, 4049.0, 4049.0, 4049.0, 4049.0, 4049.0, 4049.0, 4049.0, 4049.0, 4049.0, 4049.0, 4049.0, 4049.0, 4049.0, 4049.0, 4049.0, 4049.0, 4049.0, 4049.0, 4049.0, 4049.0, 4049.0, 4049.0, 4049.0, 4049.0, 4049.0, 4049.0, 4049.0, 4049.0, 4049.0, 4049.0, 4049.0, 4049.0, 4049.0, 4049.0, 4049.0, 4049.0, 4049.0, 4049.0, 4049.0, 4119.0, 4119.0, 4119.0, 4119.0, 4119.0, 4119.0, 4119.0, 4119.0, 4119.0, 4119.0, 4119.0, 4119.0, 4119.0, 4119.0, 4119.0, 4119.0, 4119.0]
List of Best in Generation for Distance Score: [0, 265, 219, 284, 251, 446, 344, 627, 247, 319, 511, 205, 626, 167, 342, 827, 740, 591, 4000, 4000, 4000, 4000, 4000, 4000, 4000, 4000, 4000, 4000, 4000, 4000, 4000, 4000, 4000, 4000, 4000, 4000, 4000, 4000, 4000, 4000, 4000, 4000, 4000, 4000, 4000, 4000, 4000, 4000, 4000, 4000, 4000, 4000, 4000, 4000, 4000, 4000, 4000, 4000, 4000, 4000, 4000, 4000, 4000, 4000, 4000, 4000, 4000, 4000, 4000, 4000, 4000, 4000, 4000, 4000, 4000, 4000, 4000, 4000, 4000, 4000, 4000, 4000, 4000, 4000, 4000, 4000, 4000, 4000, 4000, 4000, 4000, 4000, 4000, 4000, 4000, 4000, 4000, 4000, 4000, 4000]
List of Best in All Previous Generations for Distance Score: [0, 265, 265, 284, 284, 446, 446, 627, 627, 627, 627, 627, 627, 627, 627, 827, 827, 827, 4000, 4000, 4000, 4000, 4000, 4000, 4000, 4000, 4000, 4000, 4000, 4000, 4000, 4000, 4000, 4000, 4000, 4000, 4000, 4000, 4000, 4000, 4000, 4000, 4000, 4000, 4000, 4000, 4000, 4000, 4000, 4000, 4000, 4000, 4000, 4000, 4000, 4000, 4000, 4000, 4000, 4000, 4000, 4000, 4000, 4000, 4000, 4000, 4000, 4000, 4000, 4000, 4000, 4000, 4000, 4000, 4000, 4000, 4000, 4000, 4000, 4000, 4000, 4000, 4000, 4000, 4000, 4000, 4000, 4000, 4000, 4000, 4000, 4000, 4000, 4000, 4000, 4000, 4000, 4000, 4000, 4000]
List of Best in Generation for Target Score: [0, 0, 4, 4, 0, 0, 4, 4.5, 0, 16, 4, 3.5, 6.0, 0, 4, 8, 6.5, 4, 10.0, 0, 3.0, 0, 4, 0, 0, 4, 4, 11.5, 4, 5.0, 1.0, 0, 8, 4, 8, 1.5, 4, 3.0, 0, 4, 4, 4, 8, 8, 8, 4, 8, 4, 4, 8, 16, 12, 0, 0, 4, 4, 12, 11.0, 8, 4.5, 14.0, 8, 6.5, 4, 12, 28.5, 4, 6.0, 23.5, 11.0, 14.5, 4, 16, 14.0, 0, 8, 22.0, 4, 8, 12, 8, 4, 4, 16, 6.0, 0, 1.5, 8, 4, 4, 4, 4, 0, 8, 11.5, 0, 6.5, 0, 4, 14.0]
List of Best in All Previous Generations for Target Score: [0, 0, 4, 4, 4, 4, 4, 4.5, 4.5, 16, 16, 16, 16, 16, 16, 16, 16, 16, 16, 16, 16, 16, 16, 16, 16, 16, 16, 16, 16, 16, 16, 16, 16, 16, 16, 16, 16, 16, 16, 16, 16, 16, 16, 16, 16, 16, 16, 16, 16, 16, 16, 16, 16, 16, 16, 16, 16, 16, 16, 16, 16, 16, 16, 16, 16, 28.5, 28.5, 28.5, 28.5, 28.5, 28.5, 28.5, 28.5, 28.5, 28.5, 28.5, 28.5, 28.5, 28.5, 28.5, 28.5, 28.5, 28.5, 28.5, 28.5, 28.5, 28.5, 28.5, 28.5, 28.5, 28.5, 28.5, 28.5, 28.5, 28.5, 28.5, 28.5, 28.5, 28.5, 28.5]
List of Scores for the Best Overall Plane in Each Generation: [[0, 0, 0], [225.0, 231, -1.0], [218, 219, 0], [323, 284, 4], [231, 232, -0.5], [445, 446, 0], [365, 326, 4], [391.0, 627, -23.5], [173, 174, 0], [346, 187, 15.5], [391.0, 372, 1.5], [202, 203, 0], [593.0, 614, -2.0], [165, 166, 0], [190, 151, 3.5], [891.0, 827, 6.5], [799.0, 740, 6.0], [575.0, 591, -1.5], [4049.0, 4000, 5.0], [3399.0, 4000, -60.0], [3659.0, 4000, -34.0], [3724.0, 4000, -27.5], [3314.0, 4000, -68.5], [3405.0, 3996, -59.5], [3139.0, 4000, -86.0], [3109.0, 4000, -89.0], [3694.0, 4000, -30.5], [3489.0, 4000, -51.0], [3224.0, 4000, -77.5], [3509.0, 3980, -47.5], [3224.0, 4000, -77.5], [3184.0, 4000, -81.5], [3434.0, 4000, -56.5], [3124.0, 4000, -87.5], [3559.0, 4000, -44.0], [3082.0, 3938, -86.0], [3249.0, 4000, -75.0], [3370.0, 3991, -62.5], [3309.0, 4000, -69.0], [3349.0, 4000, -65.0], [3071.0, 3957, -89.0], [3614.0, 4000, -38.5], [3309.0, 4000, -69.0], [3681.0, 3987, -31.0], [3129.0, 4000, -87.0], [3044.0, 4000, -95.5], [3305.0, 3916, -61.5], [3504.0, 4000, -49.5], [3509.0, 4000, -49.0], [3189.0, 4000, -81.0], [3594.0, 4000, -40.5], [3079.0, 4000, -92.0], [3169.0, 4000, -83.0], [2902.0, 3963, -106.5], [3224.0, 4000, -77.5], [3444.0, 4000, -55.5], [3370.0, 3821, -45.5], [3669.0, 4000, -33.0], [3334.0, 4000, -66.5], [3094.0, 4000, -90.5], [3504.0, 4000, -49.5], [3564.0, 3985, -42.5], [3259.0, 4000, -74.0], [3434.0, 4000, -56.5], [3449.0, 4000, -55.0], [3680.0, 3961, -28.5], [3524.0, 4000, -47.5], [3354.0, 4000, -64.5], [3531.0, 3917, -39.0], [3539.0, 4000, -46.0], [3139.0, 4000, -86.0], [3224.0, 4000, -77.5], [3800.0, 3891, -9.5], [3682.0, 3913, -23.5], [3559.0, 4000, -44.0], [3344.0, 4000, -65.5], [3889.0, 4000, -11.0], [3989.0, 4000, -1.0], [3999, 4000, 0], [2919.0, 4000, -108.0], [3344.0, 4000, -65.5], [3979.0, 4000, -2.0], [3999, 4000, 0], [4119.0, 4000, 12.0], [3999, 4000, 0], [3109.0, 4000, -89.0], [3279.0, 4000, -72.0], [3999, 4000, 0], [3999, 4000, 0], [3289.0, 4000, -71.0], [3709.0, 4000, -29.0], [3429.0, 4000, -57.0], [3344.0, 4000, -65.5], [3178.0, 3969, -79.5], [3434.0, 4000, -56.5], [3204.0, 4000, -79.5], [3264.0, 4000, -73.5], [3708.0, 3989, -28.5], [3669.0, 4000, -33.0], [3444.0, 4000, -55.5]]


--RUN 25--
Population Size: 30
Generations: 100
Maximum Total Score: 3999
Maximum Distance Score: 4000
Maximum Target Score: 20
Best Overall Total Score: 3999
Distance Score of Best Overall: 4000
Target Score of Best Overall: 0

PARAMETERS:
Random Seed: 47
Mu: [3, 2, 2]   Mu Weights: [7, 14, 21, 45, 69, 93, 100]    Lambda: 23
Population Size: 30
Maximum Allowed Distance: 4000
Plane Y Speed: -3.5     Plane X Speed: 3
Multi-Objective Weight Function: distanceScore + (10 * targetScore)
Range of Horizontal Space between Adjacent Radar Pairs: 175 - 340
Range of Gap (Vertical Space) between Pair of Radars:  120 - 180
Minimum Length of Radar Beam: 80
Mutation Probability (Weighted for low maximum total scores): 1.5%
Number of Columns: 500
Number of Levels Back: 200

LISTS:
List of Best in Generation for Total Score: [0, 151, 230, 151, 150, 87, 151, 155, 230, 229.0, 190, 235, 229.0, 176, 150, 231, 230, 516.0, 213, 205, 197, 319, 150, 310, 156, 175, 227, 190, 170, 190, 190, 150, 150, 231.0, 151, 150, 150, 151, 222, 230, 151, 329.0, 223, 150, 151, 284.0, 150, 362.0, 240, 409.0, 173, 244.0, 321.0, 282.0, 190, 190, 410.0, 232.0, 311.0, 230, 226, 151, 931.0, 209, 355, 296, 150, 230, 150, 230, 270, 190, 190, 190, 150, 161, 270, 151, 191, 230, 350, 245.0, 270, 150, 742.0, 324.0, 347, 230, 405, 240, 346, 151, 347, 434, 3999, 1669, 2590, 832, 2553, 1769]
List of Best in All Previous Generations for Total Score: [0, 151, 230, 230, 230, 230, 230, 230, 230, 230, 230, 235, 235, 235, 235, 235, 235, 516.0, 516.0, 516.0, 516.0, 516.0, 516.0, 516.0, 516.0, 516.0, 516.0, 516.0, 516.0, 516.0, 516.0, 516.0, 516.0, 516.0, 516.0, 516.0, 516.0, 516.0, 516.0, 516.0, 516.0, 516.0, 516.0, 516.0, 516.0, 516.0, 516.0, 516.0, 516.0, 516.0, 516.0, 516.0, 516.0, 516.0, 516.0, 516.0, 516.0, 516.0, 516.0, 516.0, 516.0, 516.0, 931.0, 931.0, 931.0, 931.0, 931.0, 931.0, 931.0, 931.0, 931.0, 931.0, 931.0, 931.0, 931.0, 931.0, 931.0, 931.0, 931.0, 931.0, 931.0, 931.0, 931.0, 931.0, 931.0, 931.0, 931.0, 931.0, 931.0, 931.0, 931.0, 931.0, 931.0, 931.0, 3999, 3999, 3999, 3999, 3999, 3999]
List of Best in Generation for Distance Score: [0, 155, 319, 187, 152, 88, 152, 500, 383, 1439, 178, 1067, 4000, 177, 297, 569, 4000, 4000, 4000, 4000, 4000, 4000, 4000, 4000, 4000, 4000, 4000, 4000, 4000, 4000, 4000, 4000, 4000, 4000, 4000, 4000, 4000, 4000, 4000, 4000, 4000, 4000, 4000, 4000, 4000, 4000, 4000, 4000, 4000, 4000, 4000, 4000, 4000, 4000, 4000, 4000, 4000, 4000, 3587, 4000, 4000, 4000, 4000, 4000, 4000, 4000, 4000, 4000, 4000, 4000, 4000, 4000, 4000, 4000, 4000, 4000, 4000, 4000, 4000, 4000, 4000, 1359, 4000, 4000, 4000, 4000, 4000, 4000, 4000, 4000, 4000, 4000, 4000, 4000, 4000, 4000, 4000, 4000, 4000, 4000]
List of Best in All Previous Generations for Distance Score: [0, 155, 319, 319, 319, 319, 319, 500, 500, 1439, 1439, 1439, 4000, 4000, 4000, 4000, 4000, 4000, 4000, 4000, 4000, 4000, 4000, 4000, 4000, 4000, 4000, 4000, 4000, 4000, 4000, 4000, 4000, 4000, 4000, 4000, 4000, 4000, 4000, 4000, 4000, 4000, 4000, 4000, 4000, 4000, 4000, 4000, 4000, 4000, 4000, 4000, 4000, 4000, 4000, 4000, 4000, 4000, 4000, 4000, 4000, 4000, 4000, 4000, 4000, 4000, 4000, 4000, 4000, 4000, 4000, 4000, 4000, 4000, 4000, 4000, 4000, 4000, 4000, 4000, 4000, 4000, 4000, 4000, 4000, 4000, 4000, 4000, 4000, 4000, 4000, 4000, 4000, 4000, 4000, 4000, 4000, 4000, 4000, 4000]
List of Best in Generation for Target Score: [0, 0, 8, 0, 0, 0, 0, 0, 8, 4, 4, 0, 0, 0, 0, 0, 8, 7.0, 4, 4, 8, 4, 0, 16, 0, 0, 8, 4, 4, 4, 4, 0, 0, 4, 0, 0, 0, 0, 8, 8, 4, 4, 4, 0, 0, 0, 0, 4, 4, 8, 0, 4, 2.0, 0, 4, 4, 12, 8, 4, 8, 4, 0, 4, 4, 8, 4, 0, 8, 0, 8, 12, 4, 4, 4, 0, 4, 12, 0, 4, 8, 20, 4, 12, 0, 8, 8, 4, 8, 12, 8, 4, 0, 8, 4, 4, 4, 4, 4, 12, 7.0]
List of Best in All Previous Generations for Target Score: [0, 0, 8, 8, 8, 8, 8, 8, 8, 8, 8, 8, 8, 8, 8, 8, 8, 8, 8, 8, 8, 8, 8, 16, 16, 16, 16, 16, 16, 16, 16, 16, 16, 16, 16, 16, 16, 16, 16, 16, 16, 16, 16, 16, 16, 16, 16, 16, 16, 16, 16, 16, 16, 16, 16, 16, 16, 16, 16, 16, 16, 16, 16, 16, 16, 16, 16, 16, 16, 16, 16, 16, 16, 16, 16, 16, 16, 16, 16, 16, 20, 20, 20, 20, 20, 20, 20, 20, 20, 20, 20, 20, 20, 20, 20, 20, 20, 20, 20, 20]
List of Scores for the Best Overall Plane in Each Generation: [[0, 0, 0], [151, 152, -14.5], [230, 151, 7.5], [151, 152, -4.0], [150, 151, -0.5], [87, 88, 0], [151, 152, -3.0], [155, 156, -0.5], [230, 151, 7.5], [229.0, 195, 3.0], [190, 151, 3.5], [235, 236, 0], [229.0, 240, -1.0], [176, 177, 0], [150, 151, -0.5], [231, 232, 0], [230, 151, 7.5], [516.0, 1067, -55.5], [213, 214, -0.5], [205, 206, -0.5], [197, 118, 8], [319, 320, 0], [150, 151, -0.5], [310, 151, 15.5], [156, 157, 0], [175, 176, 0], [227, 148, 8], [190, 151, 3.5], [170, 131, 4], [190, 151, 3.5], [190, 151, 3.5], [150, 151, -0.5], [150, 151, -0.5], [231.0, 262, -3.0], [151, 152, -14.0], [150, 151, -0.5], [150, 151, -0.5], [151, 152, -17.5], [222, 143, 8], [230, 151, 7.5], [151, 152, -17.5], [329.0, 400, -7.5], [223.0, 239, -2.0], [150, 151, -0.5], [151, 152, -16.5], [284.0, 425, -14.0], [150, 151, -0.5], [362.0, 493, -13.0], [240, 201, 3.5], [409.0, 440, -3.0], [173, 174, 0], [244.0, 235, 0.5], [321.0, 347, -2.5], [282.0, 393, -11.0], [190, 151, 3.5], [190, 151, 3.5], [410.0, 426, -2.0], [232.0, 238, -1.0], [311.0, 372, -6.0], [230, 151, 7.5], [226, 227, 0], [151, 152, -6.0], [931.0, 977, -5.0], [209, 210, -0.5], [355, 356, 0], [296, 297, 0], [150, 151, -0.5], [230, 151, 7.5], [150, 151, -0.5], [230, 151, 7.5], [270, 151, 11.5], [190, 151, 3.5], [190, 151, 3.5], [190, 151, 3.5], [150, 151, -0.5], [161, 122, 4], [270, 151, 11.5], [151, 152, -10.0], [191, 152, -9.5], [230, 151, 7.5], [350, 151, 19.5], [245.0, 311, -7.0], [270, 151, 11.5], [150, 151, -0.5], [742.0, 673, 7.0], [324.0, 410, -8.5], [347, 348, 0], [230, 151, 7.5], [405, 406, 0], [240, 241, 0], [346, 347, 0], [151, 152, -3.0], [347, 348, 0], [434, 435, 0], [3999, 4000, 0], [1669, 1670, 0], [2590, 2591, 0], [832, 833, 0], [2553, 2554, 0], [1769, 1770, 0]]


--RUN 26--
Population Size: 30
Generations: 100
Maximum Total Score: 1101
Maximum Distance Score: 4000
Maximum Target Score: 12
Best Overall Total Score: 1101
Distance Score of Best Overall: 1102
Target Score of Best Overall: 0

PARAMETERS:
Random Seed: 47
Mu: [3, 2, 2]   Mu Weights: [7, 14, 21, 45, 69, 93, 100]    Lambda: 23
Population Size: 30
Maximum Allowed Distance: 4000
Plane Y Speed: -3.5     Plane X Speed: 3
Multi-Objective Weight Function: distanceScore + (10 * targetScore)
Range of Horizontal Space between Adjacent Radar Pairs: 175 - 340
Range of Gap (Vertical Space) between Pair of Radars:  120 - 180
Minimum Length of Radar Beam: 80
Mutation Probability (Weighted for low maximum total scores): 1.5%
Number of Columns: 1000
Number of Levels Back: 200

LISTS:
List of Best in Generation for Total Score: [0, 163.0, 190, 240, 191, 153, 150, 188, 266.0, 272.0, 234.0, 730.0, 267, 215, 199, 190, 270, 231, 190, 399, 151, 153, 208, 544.0, 242.0, 150, 184, 230, 230, 190, 230, 230, 230, 191, 231, 390.0, 284, 241, 242.0, 270, 275, 190, 190, 195, 230, 190, 347.0, 230, 231, 190, 150, 190, 190, 151, 150, 151, 380.0, 186.0, 190, 270, 384.0, 226.0, 525.0, 492.0, 190, 230, 226.0, 245, 189, 190, 151, 253, 230, 286.0, 590, 192.0, 190, 627, 1101, 649, 151, 190, 150, 245, 190, 165, 230, 190, 223, 299, 152, 324.0, 377.0, 230, 218, 150, 151, 172, 230, 230]
List of Best in All Previous Generations for Total Score: [0, 163.0, 190, 240, 240, 240, 240, 240, 266.0, 272.0, 272.0, 730.0, 730.0, 730.0, 730.0, 730.0, 730.0, 730.0, 730.0, 730.0, 730.0, 730.0, 730.0, 730.0, 730.0, 730.0, 730.0, 730.0, 730.0, 730.0, 730.0, 730.0, 730.0, 730.0, 730.0, 730.0, 730.0, 730.0, 730.0, 730.0, 730.0, 730.0, 730.0, 730.0, 730.0, 730.0, 730.0, 730.0, 730.0, 730.0, 730.0, 730.0, 730.0, 730.0, 730.0, 730.0, 730.0, 730.0, 730.0, 730.0, 730.0, 730.0, 730.0, 730.0, 730.0, 730.0, 730.0, 730.0, 730.0, 730.0, 730.0, 730.0, 730.0, 730.0, 730.0, 730.0, 730.0, 730.0, 1101, 1101, 1101, 1101, 1101, 1101, 1101, 1101, 1101, 1101, 1101, 1101, 1101, 1101, 1101, 1101, 1101, 1101, 1101, 1101, 1101, 1101]
List of Best in Generation for Distance Score: [0, 282, 193, 381, 192, 158, 151, 324, 164, 362, 396, 811, 388, 413, 244, 263, 334, 156, 229, 394, 172, 175, 209, 691, 878, 1426, 827, 1495, 2621, 2696, 833, 4000, 3153, 3422, 2065, 1936, 2400, 4000, 4000, 4000, 4000, 4000, 4000, 4000, 4000, 4000, 4000, 4000, 4000, 4000, 4000, 4000, 4000, 4000, 4000, 4000, 4000, 4000, 4000, 4000, 4000, 4000, 4000, 4000, 4000, 4000, 4000, 4000, 4000, 4000, 4000, 4000, 4000, 4000, 4000, 4000, 4000, 4000, 4000, 4000, 4000, 4000, 4000, 4000, 4000, 4000, 4000, 4000, 4000, 4000, 4000, 4000, 4000, 4000, 4000, 4000, 4000, 4000, 4000, 4000]
List of Best in All Previous Generations for Distance Score: [0, 282, 282, 381, 381, 381, 381, 381, 381, 381, 396, 811, 811, 811, 811, 811, 811, 811, 811, 811, 811, 811, 811, 811, 878, 1426, 1426, 1495, 2621, 2696, 2696, 4000, 4000, 4000, 4000, 4000, 4000, 4000, 4000, 4000, 4000, 4000, 4000, 4000, 4000, 4000, 4000, 4000, 4000, 4000, 4000, 4000, 4000, 4000, 4000, 4000, 4000, 4000, 4000, 4000, 4000, 4000, 4000, 4000, 4000, 4000, 4000, 4000, 4000, 4000, 4000, 4000, 4000, 4000, 4000, 4000, 4000, 4000, 4000, 4000, 4000, 4000, 4000, 4000, 4000, 4000, 4000, 4000, 4000, 4000, 4000, 4000, 4000, 4000, 4000, 4000, 4000, 4000, 4000, 4000]
List of Best in Generation for Target Score: [0, 0, 4, 4, 4, 0, 0, 4, 11.5, 0, 4, 4, 12, 0, 0, 4, 12, 8, 4, 8, 0, 0, 0, 4, 4, 0, 0, 8, 8, 4, 8, 8, 8, 4, 8, 8, 4, 5.0, 4, 12, 8, 4, 4, 4, 8, 4, 8, 8, 8, 4, 0, 4, 4, 0, 0, 0, 0, 3.5, 4, 12, 8, 7.5, 8, 8, 4, 8, 7.5, 8, 4, 4, 0, 8, 8, 0, 8, 4, 4, 4, 4, 4, 4, 4, 0, 0, 4, 0, 8, 4, 0, 4, 4, 4, 8, 8, 0, 0, 0, 4, 8, 8]
List of Best in All Previous Generations for Target Score: [0, 0, 4, 4, 4, 4, 4, 4, 11.5, 11.5, 11.5, 11.5, 12, 12, 12, 12, 12, 12, 12, 12, 12, 12, 12, 12, 12, 12, 12, 12, 12, 12, 12, 12, 12, 12, 12, 12, 12, 12, 12, 12, 12, 12, 12, 12, 12, 12, 12, 12, 12, 12, 12, 12, 12, 12, 12, 12, 12, 12, 12, 12, 12, 12, 12, 12, 12, 12, 12, 12, 12, 12, 12, 12, 12, 12, 12, 12, 12, 12, 12, 12, 12, 12, 12, 12, 12, 12, 12, 12, 12, 12, 12, 12, 12, 12, 12, 12, 12, 12, 12, 12]
List of Scores for the Best Overall Plane in Each Generation: [[0, 0, 0], [163.0, 169, -1.0], [190, 151, 3.5], [240, 241, 0], [191, 192, 0], [153, 154, -0.5], [150, 151, 0], [188, 149, 4], [266.0, 152, -8.5], [272.0, 308, -4.0], [234.0, 375, -14.5], [730.0, 811, -8.0], [267, 148, 12], [215, 216, -0.5], [199, 200, -0.5], [190, 151, 3.5], [270, 151, 11.5], [231, 152, 0.0], [190, 151, 3.5], [399, 320, 7.5], [151, 152, -7.0], [153, 154, -0.5], [208, 209, 0], [544.0, 585, -4.5], [242.0, 248, -1.0], [150, 151, -0.5], [184, 185, 0], [230, 151, 7.5], [230, 151, 7.5], [190, 151, 3.5], [230, 151, -12.0], [230, 151, -12.0], [230, 151, 7.5], [191, 152, -10.0], [231, 152, 2.0], [390.0, 446, -6.0], [284, 285, 0], [241, 242, 0], [242.0, 443, -20.5], [270, 151, 11.5], [275, 276, 0], [190, 151, 3.5], [190, 151, 3.5], [195, 156, 3.5], [230, 151, 7.5], [190, 151, 3.5], [347.0, 453, -10.5], [230, 151, 7.5], [231, 152, 5.5], [190, 151, 3.5], [150, 151, -0.5], [190, 151, 3.5], [190, 151, 3.5], [151, 152, -17.5], [150, 151, -0.5], [151, 152, -6.0], [380.0, 391, -1.0], [186.0, 152, -16.0], [190, 151, 3.5], [270, 151, 11.5], [384.0, 455, -7.0], [226.0, 152, -12.5], [525.0, 576, -5.0], [492.0, 523, -3.5], [190, 151, 3.5], [230, 151, 7.5], [226.0, 152, -12.0], [245, 246, 0], [189, 150, 4], [190, 151, 3.5], [151, 152, -6.5], [253, 254, -0.5], [230, 151, 7.5], [286.0, 297, -1.0], [590, 591, 0], [192.0, 278, -9.0], [190, 151, 3.5], [627, 628, 0], [1101, 1102, 0], [649, 650, 0], [151, 152, -13.5], [190, 151, 3.5], [150, 151, -0.5], [245, 246, 0], [190, 151, 3.5], [165, 166, -0.5], [230, 151, 7.5], [190, 151, 3.5], [223, 224, 0], [299, 300, 0], [152, 113, 4], [324.0, 330, -1.0], [377.0, 393, -1.5], [230, 151, 7.5], [218, 219, -0.5], [150, 151, -0.5], [151, 152, -6.0], [172, 173, -0.5], [230, 151, 7.5], [230, 151, 7.5]]


--RUN 27--
Population Size: 30
Generations: 100
Maximum Total Score: 4094.0
Maximum Distance Score: 4000
Maximum Target Score: 16
Best Overall Total Score: 4094.0
Distance Score of Best Overall: 4000
Target Score of Best Overall: 9.5

PARAMETERS:
Random Seed: 47
Mu: [3, 2, 2]   Mu Weights: [7, 14, 21, 45, 69, 93, 100]    Lambda: 23
Population Size: 30
Maximum Allowed Distance: 4000
Plane Y Speed: -3.5     Plane X Speed: 3
Multi-Objective Weight Function: distanceScore + (10 * targetScore)
Range of Horizontal Space between Adjacent Radar Pairs: 175 - 340
Range of Gap (Vertical Space) between Pair of Radars:  120 - 180
Minimum Length of Radar Beam: 80
Mutation Probability (Weighted for low maximum total scores): 1.5%
Number of Columns: 10
Number of Levels Back: 200

LISTS:
List of Best in Generation for Total Score: [0, 122, 89, 150, 150, 223.0, 190, 230, 190, 281.0, 190, 190, 157, 404, 455.0, 1356.0, 2294.0, 526, 1216.0, 4009.0, 2279.0, 4024.0, 2445.0, 1969.0, 2929, 2355.0, 3999, 3999, 3999, 3999, 3999, 3999, 3999, 3999, 3999, 3999, 3999, 3999, 3999, 3999, 3999, 3999, 3999, 3999, 3999, 3999, 3999, 3999, 3999, 3999, 3999, 3999, 3999, 3999, 3999, 3999, 3999, 3999, 3999, 3999, 3999, 3999, 3999, 3999, 3999, 3999, 3999, 3999, 3999, 3999, 3999, 3999, 3999, 3999, 3999, 3999, 3999, 3999, 3999, 3999, 3999, 3999, 3999, 3999, 4094.0, 3999, 3999, 3999, 3999, 3999, 3999, 3999, 3999, 3999, 3999, 3999, 3999, 3999, 3999, 3999]
List of Best in All Previous Generations for Total Score: [0, 122, 122, 150, 150, 223.0, 223.0, 230, 230, 281.0, 281.0, 281.0, 281.0, 404, 455.0, 1356.0, 2294.0, 2294.0, 2294.0, 4009.0, 4009.0, 4024.0, 4024.0, 4024.0, 4024.0, 4024.0, 4024.0, 4024.0, 4024.0, 4024.0, 4024.0, 4024.0, 4024.0, 4024.0, 4024.0, 4024.0, 4024.0, 4024.0, 4024.0, 4024.0, 4024.0, 4024.0, 4024.0, 4024.0, 4024.0, 4024.0, 4024.0, 4024.0, 4024.0, 4024.0, 4024.0, 4024.0, 4024.0, 4024.0, 4024.0, 4024.0, 4024.0, 4024.0, 4024.0, 4024.0, 4024.0, 4024.0, 4024.0, 4024.0, 4024.0, 4024.0, 4024.0, 4024.0, 4024.0, 4024.0, 4024.0, 4024.0, 4024.0, 4024.0, 4024.0, 4024.0, 4024.0, 4024.0, 4024.0, 4024.0, 4024.0, 4024.0, 4024.0, 4024.0, 4094.0, 4094.0, 4094.0, 4094.0, 4094.0, 4094.0, 4094.0, 4094.0, 4094.0, 4094.0, 4094.0, 4094.0, 4094.0, 4094.0, 4094.0, 4094.0]
List of Best in Generation for Distance Score: [0, 123, 90, 151, 4000, 4000, 4000, 4000, 4000, 4000, 4000, 4000, 4000, 4000, 4000, 4000, 4000, 4000, 4000, 4000, 4000, 4000, 4000, 4000, 4000, 4000, 4000, 4000, 4000, 4000, 4000, 4000, 4000, 4000, 4000, 4000, 4000, 4000, 4000, 4000, 4000, 4000, 4000, 4000, 4000, 4000, 4000, 4000, 4000, 4000, 4000, 4000, 4000, 4000, 4000, 4000, 4000, 4000, 4000, 4000, 4000, 4000, 4000, 4000, 4000, 4000, 4000, 4000, 4000, 4000, 4000, 4000, 4000, 4000, 4000, 4000, 4000, 4000, 4000, 4000, 4000, 4000, 4000, 4000, 4000, 4000, 4000, 4000, 4000, 4000, 4000, 4000, 4000, 4000, 4000, 4000, 4000, 4000, 4000, 4000]
List of Best in All Previous Generations for Distance Score: [0, 123, 123, 151, 4000, 4000, 4000, 4000, 4000, 4000, 4000, 4000, 4000, 4000, 4000, 4000, 4000, 4000, 4000, 4000, 4000, 4000, 4000, 4000, 4000, 4000, 4000, 4000, 4000, 4000, 4000, 4000, 4000, 4000, 4000, 4000, 4000, 4000, 4000, 4000, 4000, 4000, 4000, 4000, 4000, 4000, 4000, 4000, 4000, 4000, 4000, 4000, 4000, 4000, 4000, 4000, 4000, 4000, 4000, 4000, 4000, 4000, 4000, 4000, 4000, 4000, 4000, 4000, 4000, 4000, 4000, 4000, 4000, 4000, 4000, 4000, 4000, 4000, 4000, 4000, 4000, 4000, 4000, 4000, 4000, 4000, 4000, 4000, 4000, 4000, 4000, 4000, 4000, 4000, 4000, 4000, 4000, 4000, 4000, 4000]
List of Best in Generation for Target Score: [0, 0, 0, 0, 0, 4, 4, 8, 4, 4, 4, 4, 0, 0, 4, 16, 8.0, 8, 4, 11.5, 0, 4, 8, 8, 4, 0, 8, 8, 8, 4, 8, 0, 8, 4, 8, 4, 4, 10.5, 12, 8, 8, 8, 0, 4, 8, 4, 4, 8, 8, 4, 9.0, 4, 8, 12, 0, 12.5, 0, 8, 4, 4, 8, 4, 4, 11.5, 8, 4, 4, 4, 4, 4, 8, 4, 8, 0, 8, 4, 0, 4, 8, 8, 4, 0, 0, 12, 14.5, 0, 8, 4, 8, 8, 4, 0, 8, 4, 4, 4, 8, 8, 4, 4]
List of Best in All Previous Generations for Target Score: [0, 0, 0, 0, 0, 4, 4, 8, 8, 8, 8, 8, 8, 8, 8, 16, 16, 16, 16, 16, 16, 16, 16, 16, 16, 16, 16, 16, 16, 16, 16, 16, 16, 16, 16, 16, 16, 16, 16, 16, 16, 16, 16, 16, 16, 16, 16, 16, 16, 16, 16, 16, 16, 16, 16, 16, 16, 16, 16, 16, 16, 16, 16, 16, 16, 16, 16, 16, 16, 16, 16, 16, 16, 16, 16, 16, 16, 16, 16, 16, 16, 16, 16, 16, 16, 16, 16, 16, 16, 16, 16, 16, 16, 16, 16, 16, 16, 16, 16, 16]
List of Scores for the Best Overall Plane in Each Generation: [[0, 0, 0], [122, 123, 0], [89, 90, 0], [150, 151, 0], [150, 151, -0.5], [223.0, 274, -5.5], [190, 151, 3.5], [230, 151, 7.5], [190, 151, 3.5], [281.0, 267, 1.0], [190, 151, 3.5], [190, 151, 3.5], [157, 158, 0], [404, 405, 0], [455.0, 466, -1.0], [1356.0, 1257, 10.0], [2294.0, 2265, 3.0], [526, 527, 0], [1216.0, 1237, -2.0], [4009.0, 4000, 1.0], [2279.0, 4000, -172.0], [4024.0, 4000, 2.5], [2445.0, 3956, -151.5], [1969.0, 4000, -203.0], [2929, 2930, 0], [2355.0, 3986, -163.5], [3999, 4000, 0], [3999, 4000, 0], [3999, 4000, 0], [3999, 4000, 0], [3999, 4000, 0], [3999, 4000, 0], [3999, 4000, 0], [3999, 4000, 0], [3999, 4000, 0], [3999, 4000, 0], [3999, 4000, 0], [3999, 4000, 0], [3999, 4000, 0], [3999, 4000, 0], [3999, 4000, 0], [3999, 4000, 0], [3999, 4000, 0], [3999, 4000, 0], [3999, 4000, 0], [3999, 4000, 0], [3999, 4000, 0], [3999, 4000, 0], [3999, 4000, 0], [3999, 4000, 0], [3999, 4000, 0], [3999, 4000, 0], [3999, 4000, 0], [3999, 4000, 0], [3999, 4000, 0], [3999, 4000, 0], [3999, 4000, 0], [3999, 4000, 0], [3999, 4000, 0], [3999, 4000, 0], [3999, 4000, 0], [3999, 4000, 0], [3999, 4000, 0], [3999, 4000, 0], [3999, 4000, 0], [3999, 4000, 0], [3999, 4000, 0], [3999, 4000, 0], [3999, 4000, 0], [3999, 4000, 0], [3999, 4000, 0], [3999, 4000, 0], [3999, 4000, 0], [3999, 4000, 0], [3999, 4000, 0], [3999, 4000, 0], [3999, 4000, 0], [3999, 4000, 0], [3999, 4000, 0], [3999, 4000, 0], [3999, 4000, 0], [3999, 4000, 0], [3999, 4000, 0], [3999, 4000, 0], [4094.0, 4000, 9.5], [3999, 4000, 0], [3999, 4000, 0], [3999, 4000, 0], [3999, 4000, 0], [3999, 4000, 0], [3999, 4000, 0], [3999, 4000, 0], [3999, 4000, 0], [3999, 4000, 0], [3999, 4000, 0], [3999, 4000, 0], [3999, 4000, 0], [3999, 4000, 0], [3999, 4000, 0], [3999, 4000, 0]]


--NEW RANDOM SEED--


--RUN 29--
Population Size: 30
Generations: 100
Maximum Total Score: 585
Maximum Distance Score: 4000
Maximum Target Score: 16
Best Overall Total Score: 585
Distance Score of Best Overall: 586
Target Score of Best Overall: 0
Theoretical Maximum Score: 6340

PARAMETERS:
Random Seed: 4701
Mu: [3, 2, 2]   Mu Weights: [7, 14, 21, 45, 69, 93, 100]    Lambda: 23
Population Size: 30
Maximum Allowed Distance: 4000
Plane Y Speed: -3.5     Plane X Speed: 3
Multi-Objective Weight Function: distanceScore + (10 * targetScore)
Range of Horizontal Space between Adjacent Radar Pairs: 175 - 340
Range of Gap (Vertical Space) between Pair of Radars:  120 - 180
Minimum Length of Radar Beam: 80
Mutation Probability (Weighted for low maximum total scores): 1.5%
Number of Columns: 10
Number of Levels Back: 200

LISTS:
List of Best in Generation for Total Score: [0, 150, 190, 151, 151, 164, 190, 150, 230, 230, 150, 339, 270, 150, 439, 190, 226.0, 150, 190, 150, 230, 190, 150, 150, 150, 150, 365, 190, 150, 190, 230, 151, 190, 190, 150, 230, 190, 150, 305, 150, 270, 271, 230, 151, 190, 190, 151, 190, 193, 226, 230, 223, 209, 355, 150, 231, 585, 230, 230, 172, 190, 150, 266.0, 150, 150, 190, 190, 190, 301, 314, 190, 230, 574, 190, 386, 150, 190, 347, 203, 151, 266.0, 191, 230, 191, 190, 190, 191, 191, 191, 270, 190, 150, 151, 190, 190, 190, 150, 191, 151, 271]
List of Best in All Previous Generations for Total Score: [0, 150, 190, 190, 190, 190, 190, 190, 230, 230, 230, 339, 339, 339, 439, 439, 439, 439, 439, 439, 439, 439, 439, 439, 439, 439, 439, 439, 439, 439, 439, 439, 439, 439, 439, 439, 439, 439, 439, 439, 439, 439, 439, 439, 439, 439, 439, 439, 439, 439, 439, 439, 439, 439, 439, 439, 585, 585, 585, 585, 585, 585, 585, 585, 585, 585, 585, 585, 585, 585, 585, 585, 585, 585, 585, 585, 585, 585, 585, 585, 585, 585, 585, 585, 585, 585, 585, 585, 585, 585, 585, 585, 585, 585, 585, 585, 585, 585, 585, 585]
List of Best in Generation for Distance Score: [0, 646, 340, 250, 452, 344, 4000, 4000, 4000, 4000, 4000, 4000, 4000, 4000, 4000, 4000, 4000, 4000, 4000, 4000, 4000, 4000, 4000, 4000, 4000, 4000, 4000, 4000, 4000, 4000, 4000, 4000, 4000, 4000, 4000, 4000, 4000, 4000, 4000, 4000, 4000, 4000, 4000, 4000, 4000, 4000, 4000, 4000, 4000, 4000, 4000, 4000, 4000, 4000, 4000, 4000, 4000, 4000, 4000, 4000, 4000, 4000, 4000, 4000, 4000, 4000, 4000, 4000, 4000, 4000, 4000, 4000, 4000, 4000, 4000, 4000, 4000, 4000, 4000, 4000, 4000, 4000, 4000, 4000, 4000, 4000, 4000, 4000, 4000, 4000, 4000, 4000, 4000, 4000, 4000, 4000, 4000, 4000, 4000, 4000]
List of Best in All Previous Generations for Distance Score: [0, 646, 646, 646, 646, 646, 4000, 4000, 4000, 4000, 4000, 4000, 4000, 4000, 4000, 4000, 4000, 4000, 4000, 4000, 4000, 4000, 4000, 4000, 4000, 4000, 4000, 4000, 4000, 4000, 4000, 4000, 4000, 4000, 4000, 4000, 4000, 4000, 4000, 4000, 4000, 4000, 4000, 4000, 4000, 4000, 4000, 4000, 4000, 4000, 4000, 4000, 4000, 4000, 4000, 4000, 4000, 4000, 4000, 4000, 4000, 4000, 4000, 4000, 4000, 4000, 4000, 4000, 4000, 4000, 4000, 4000, 4000, 4000, 4000, 4000, 4000, 4000, 4000, 4000, 4000, 4000, 4000, 4000, 4000, 4000, 4000, 4000, 4000, 4000, 4000, 4000, 4000, 4000, 4000, 4000, 4000, 4000, 4000, 4000]
List of Best in Generation for Target Score: [0, 4, 4, 0, 0, 4, 4, 0, 8, 8, 0, 0, 12, 0, 4, 4, 7.5, 4, 4, 0, 8, 4, 0, 0, 0, 0, 4, 4, 0, 4, 8, 0, 4, 4, 0, 8, 4, 0, 4, 0, 12, 12, 8, 0, 4, 4, 0, 4, 0, 0, 8, 4, 4, 16, 0, 8, 16, 8, 8, 4, 4, 0, 11.5, 0, 0, 4, 4, 4, 8, 12, 4, 8, 8, 4, 4, 0, 4, 0, 4, 0, 11.5, 4, 8, 4, 4, 4, 4, 4, 4, 12, 4, 0, 4, 4, 4, 4, 0, 4, 0, 12]
List of Best in All Previous Generations for Target Score: [0, 4, 4, 4, 4, 4, 4, 4, 8, 8, 8, 8, 12, 12, 12, 12, 12, 12, 12, 12, 12, 12, 12, 12, 12, 12, 12, 12, 12, 12, 12, 12, 12, 12, 12, 12, 12, 12, 12, 12, 12, 12, 12, 12, 12, 12, 12, 12, 12, 12, 12, 12, 12, 16, 16, 16, 16, 16, 16, 16, 16, 16, 16, 16, 16, 16, 16, 16, 16, 16, 16, 16, 16, 16, 16, 16, 16, 16, 16, 16, 16, 16, 16, 16, 16, 16, 16, 16, 16, 16, 16, 16, 16, 16, 16, 16, 16, 16, 16, 16]
List of Scores for the Best Overall Plane in Each Generation: [[0, 0, 0], [150, 151, -20.0], [190, 151, 3.5], [151, 152, -13.5], [151, 152, -11.5], [164, 125, 4], [190, 151, 3.5], [150, 151, -0.5], [230, 151, 7.5], [230, 151, 7.5], [150, 151, -0.5], [339, 340, 0], [270, 151, 11.5], [150, 151, -0.5], [439, 440, 0], [190, 151, 3.5], [226.0, 152, -6.0], [150, 151, -0.5], [190, 151, 3.5], [150, 151, -0.5], [230, 151, 7.5], [190, 151, 3.5], [150, 151, -0.5], [150, 151, -0.5], [150, 151, -0.5], [150, 151, -0.5], [365, 366, 0], [190, 151, 3.5], [150, 151, -0.5], [190, 151, 3.5], [230, 151, 7.5], [151, 152, -3.5], [190, 151, 3.5], [190, 151, 3.5], [150, 151, -0.5], [230, 151, 7.5], [190, 151, 3.5], [150, 151, -0.5], [305, 306, 0], [150, 151, -0.5], [270, 151, 11.5], [271, 152, -1.5], [230, 151, 7.5], [151, 152, -11.5], [190, 151, 3.5], [190, 151, 3.5], [151, 152, -11.0], [190, 151, 3.5], [193, 194, 0], [226, 227, 0], [230, 151, 7.5], [223, 224, 0], [209, 210, 0], [355, 356, 0], [150, 151, -0.5], [231, 152, 0.0], [585, 586, 0], [230, 151, 7.5], [230, 151, 7.5], [172, 133, 4], [190, 151, 3.5], [150, 151, -0.5], [266.0, 152, -6.5], [150, 151, -0.5], [150, 151, -0.5], [190, 151, 3.5], [190, 151, 3.5], [190, 151, 3.5], [301, 302, 0], [314, 315, 0], [190, 151, 3.5], [230, 151, 7.5], [574, 575, 0], [190, 151, 3.5], [386, 387, 0], [150, 151, -0.5], [190, 151, 3.5], [347, 348, 0], [203, 204, 0], [151, 152, -2.0], [266.0, 152, 4.0], [191, 152, -6.5], [230, 151, 7.5], [191, 152, -8.5], [190, 151, 3.5], [190, 151, 3.5], [191, 152, -5.5], [191, 152, -8.0], [191, 152, -6.5], [270, 151, 11.5], [190, 151, 3.5], [150, 151, -0.5], [151, 152, -11.5], [190, 151, 3.5], [190, 151, 3.5], [190, 151, 3.5], [150, 151, -0.5], [191, 152, -7.5], [151, 152, -13.5], [271, 152, 0.0]]


--RUN 30--
Population Size: 30
Generations: 100
Maximum Total Score: 3749.0
Maximum Distance Score: 4000
Maximum Target Score: 31.0
Best Overall Total Score: 3749.0
Distance Score of Best Overall: 4000
Target Score of Best Overall: -25.0
Theoretical Maximum Score: 4060

PARAMETERS:
Random Seed: 4701
Mu: [3, 2, 2]   Mu Weights: [7, 14, 21, 45, 69, 93, 100]    Lambda: 23
Population Size: 30
Maximum Allowed Distance: 4000
Plane Y Speed: -3.5     Plane X Speed: 3
Multi-Objective Weight Function: distanceScore + (10 * targetScore)
Range of Horizontal Space between Adjacent Radar Pairs: 175 - 340
Range of Gap (Vertical Space) between Pair of Radars:  120 - 180
Minimum Length of Radar Beam: 80
Mutation Probability (Weighted for low maximum total scores): 1.5%
Number of Columns: 250
Number of Levels Back: 200

LISTS:
List of Best in Generation for Total Score: [0, 190, 394, 248.0, 279.0, 180, 159, 105, 205, 130, 156, 150, 132, 346.0, 345.0, 167, 141, 132, 160, 150, 161, 138, 150, 190, 331, 255, 527.0, 321, 362, 184, 277, 333, 290, 190, 384, 567.0, 193, 187, 225, 150, 206, 186, 374, 205, 311, 78, 235, 182, 352, 286, 230, 150, 150, 270, 190, 114, 175, 181, 230, 99, 186.0, 379.0, 423.0, 145, 311, 148, 206, 353, 3062.0, 1317.0, 1625.0, 2077.0, 2199.0, 1217.0, 353, 766.0, 478, 599.0, 582.0, 748.0, 430, 965, 1630.0, 2323.0, 472, 735.0, 1852.0, 1001.0, 868.0, 1489.0, 1009.0, 306, 741.0, 777.0, 2747.0, 1115.0, 3749.0, 673, 333, 436]
List of Best in All Previous Generations for Total Score: [0, 190, 394, 394, 394, 394, 394, 394, 394, 394, 394, 394, 394, 394, 394, 394, 394, 394, 394, 394, 394, 394, 394, 394, 394, 394, 527.0, 527.0, 527.0, 527.0, 527.0, 527.0, 527.0, 527.0, 527.0, 567.0, 567.0, 567.0, 567.0, 567.0, 567.0, 567.0, 567.0, 567.0, 567.0, 567.0, 567.0, 567.0, 567.0, 567.0, 567.0, 567.0, 567.0, 567.0, 567.0, 567.0, 567.0, 567.0, 567.0, 567.0, 567.0, 567.0, 567.0, 567.0, 567.0, 567.0, 567.0, 567.0, 3062.0, 3062.0, 3062.0, 3062.0, 3062.0, 3062.0, 3062.0, 3062.0, 3062.0, 3062.0, 3062.0, 3062.0, 3062.0, 3062.0, 3062.0, 3062.0, 3062.0, 3062.0, 3062.0, 3062.0, 3062.0, 3062.0, 3062.0, 3062.0, 3062.0, 3062.0, 3062.0, 3062.0, 3749.0, 3749.0, 3749.0, 3749.0]
List of Best in Generation for Distance Score: [0, 335, 395, 290, 300, 266, 177, 106, 210, 131, 157, 167, 133, 352, 463, 175, 102, 133, 161, 169, 122, 139, 495, 266, 332, 256, 468, 322, 363, 185, 278, 334, 291, 176, 385, 418, 194, 188, 226, 316, 207, 187, 375, 167, 312, 79, 236, 183, 423, 287, 251, 473, 513, 276, 184, 115, 310, 197, 362, 100, 173, 360, 478, 146, 312, 149, 250, 354, 3868, 1583, 1878, 1849, 2514, 1123, 354, 767, 464, 605, 751, 849, 391, 969, 1796, 2482, 515, 763, 1874, 1047, 1084, 1844, 1082, 482, 802, 779, 2638, 948, 4000, 634, 334, 437]
List of Best in All Previous Generations for Distance Score: [0, 335, 395, 395, 395, 395, 395, 395, 395, 395, 395, 395, 395, 395, 463, 463, 463, 463, 463, 463, 463, 463, 495, 495, 495, 495, 495, 495, 495, 495, 495, 495, 495, 495, 495, 495, 495, 495, 495, 495, 495, 495, 495, 495, 495, 495, 495, 495, 495, 495, 495, 495, 513, 513, 513, 513, 513, 513, 513, 513, 513, 513, 513, 513, 513, 513, 513, 513, 3868, 3868, 3868, 3868, 3868, 3868, 3868, 3868, 3868, 3868, 3868, 3868, 3868, 3868, 3868, 3868, 3868, 3868, 3868, 3868, 3868, 3868, 3868, 3868, 3868, 3868, 3868, 3868, 4000, 4000, 4000, 4000]
List of Best in Generation for Target Score: [0, 4, 4, 4, 4, 0, 4, 0, 0, 0, 0, 0, 0, 8, 4, 0, 4, 0, 0, 0, 4, 0, 0, 4, 0, 0, 12, 0, 0, 0, 0, 0, 0, 4, 0, 15.0, 4, 0, 0, 0, 0, 4, 4, 4, 0, 0, 4, 0, 8, 0, 8, 0, 0, 12, 4, 0, 0, 0, 8, 0, 3.5, 2.0, 4, 0, 4, 0, 0, 0, 4, 0, 11.5, 31.0, 0, 15.0, 4, 12, 4, 8, 0, 4, 4, 8, 12, 12.5, 4, 9.0, 1.5, 4, 4, 4, 8, 0, 8, 12, 19.5, 19.0, 4, 8, 0, 4]
List of Best in All Previous Generations for Target Score: [0, 4, 4, 4, 4, 4, 4, 4, 4, 4, 4, 4, 4, 8, 8, 8, 8, 8, 8, 8, 8, 8, 8, 8, 8, 8, 12, 12, 12, 12, 12, 12, 12, 12, 12, 15.0, 15.0, 15.0, 15.0, 15.0, 15.0, 15.0, 15.0, 15.0, 15.0, 15.0, 15.0, 15.0, 15.0, 15.0, 15.0, 15.0, 15.0, 15.0, 15.0, 15.0, 15.0, 15.0, 15.0, 15.0, 15.0, 15.0, 15.0, 15.0, 15.0, 15.0, 15.0, 15.0, 15.0, 15.0, 15.0, 31.0, 31.0, 31.0, 31.0, 31.0, 31.0, 31.0, 31.0, 31.0, 31.0, 31.0, 31.0, 31.0, 31.0, 31.0, 31.0, 31.0, 31.0, 31.0, 31.0, 31.0, 31.0, 31.0, 31.0, 31.0, 31.0, 31.0, 31.0, 31.0]
List of Scores for the Best Overall Plane in Each Generation: [[0, 0, 0], [190, 151, 3.5], [394, 395, 0], [248.0, 289, -4.5], [279.0, 300, -2.0], [180, 181, 0], [159, 120, 4], [105, 106, 0], [205, 206, -0.5], [130, 131, 0], [156, 157, 0], [150, 151, -0.5], [132, 133, 0], [346.0, 352, -0.5], [345.0, 396, -5.0], [167, 168, 0], [141, 102, 4], [132, 133, 0], [160, 161, 0], [150, 151, -0.5], [161, 122, 4], [138, 139, 0], [150, 151, -0.5], [190, 151, 3.5], [331, 332, 0], [255, 256, 0], [527.0, 468, 6.0], [321, 322, 0], [362, 363, 0], [184, 185, 0], [277, 278, 0], [333, 334, 0], [290, 291, 0], [190, 151, 3.5], [384, 385, 0], [567.0, 418, 15.0], [193, 194, 0], [187, 188, 0], [225, 226, 0], [150, 151, -1.0], [206, 207, 0], [186, 187, 0], [374, 375, 0], [205, 166, 4], [311, 312, 0], [78, 79, 0], [235, 236, 0], [182, 183, 0], [352, 353, 0], [286, 287, 0], [230, 151, 7.5], [150, 151, -20.0], [150, 151, -20.0], [270, 151, 11.5], [190, 151, 3.5], [114, 115, 0], [175, 176, 0], [181, 182, 0], [230, 151, 7.5], [99, 100, 0], [186.0, 152, -16.0], [379.0, 360, 2.0], [423.0, 454, -3.5], [145, 146, 0], [311, 312, 0], [148, 149, 0], [206, 207, -0.5], [353, 354, 0], [3062.0, 3868, -80.5], [1317.0, 1583, -26.5], [1625.0, 1751, -13.0], [2077.0, 1823, 25.0], [2199.0, 2505, -31.0], [1217.0, 1123, 9.0], [353, 354, 0], [766.0, 732, 3.0], [478, 439, 3.5], [599.0, 605, -0.5], [582.0, 678, -10.0], [748.0, 849, -10.0], [430, 391, 4], [965, 966, 0], [1630.0, 1796, -16.5], [2323.0, 2474, -15.5], [472, 433, 3.5], [735.0, 706, 2.5], [1852.0, 1838, 1.0], [1001.0, 1047, -4.5], [868.0, 1084, -21.5], [1489.0, 1825, -34.0], [1009.0, 1065, -6.0], [306, 307, 0], [741.0, 802, -6.0], [777.0, 748, 2.5], [2747.0, 2638, 11.0], [1115.0, 941, 17.0], [3749.0, 4000, -25.0], [673, 634, 4], [333, 334, 0], [436, 437, 0]]


--RUN 31--
Population Size: 30
Generations: 100
Maximum Total Score: 4114.0
Maximum Distance Score: 4000
Maximum Target Score: 29.0
Best Overall Total Score: 4114.0
Distance Score of Best Overall: 4000
Target Score of Best Overall: 11.5
Theoretical Maximum Score: 5240

PARAMETERS:
Random Seed: 4701
Mu: [3, 2, 2]   Mu Weights: [7, 14, 21, 45, 69, 93, 100]    Lambda: 23
Population Size: 30
Maximum Allowed Distance: 4000
Plane Y Speed: -3.5     Plane X Speed: 3
Multi-Objective Weight Function: distanceScore + (10 * targetScore)
Range of Horizontal Space between Adjacent Radar Pairs: 175 - 340
Range of Gap (Vertical Space) between Pair of Radars:  120 - 180
Minimum Length of Radar Beam: 80
Mutation Probability (Weighted for low maximum total scores): 1.5%
Number of Columns: 500
Number of Levels Back: 200

LISTS:
List of Best in Generation for Total Score: [0, 347, 585, 230, 186, 151, 609.0, 190, 191, 208.0, 175, 188, 190, 555.0, 172, 168, 190, 214, 188, 327, 261, 173, 203.0, 287.0, 431.0, 230, 336, 259, 404, 309, 276.0, 370, 310.0, 269, 250.0, 321.0, 659.0, 230, 757.0, 283.0, 253, 190, 742.0, 702.0, 302.0, 559.0, 341, 503.0, 306.0, 645.0, 205, 451, 255, 900.0, 248, 190, 291, 445.0, 410.0, 226, 655.0, 572.0, 573.0, 375.0, 273.0, 190, 190, 568.0, 1182.0, 534.0, 291.0, 270, 230, 519.0, 661.0, 955.0, 348.0, 316, 325.0, 283, 632.0, 381.0, 489.0, 433, 247.0, 533.0, 220, 781.0, 1158.0, 1221.0, 252.0, 977.0, 230, 502, 778.0, 553, 311, 3994.0, 4114.0, 4074.0]
List of Best in All Previous Generations for Total Score: [0, 347, 585, 585, 585, 585, 609.0, 609.0, 609.0, 609.0, 609.0, 609.0, 609.0, 609.0, 609.0, 609.0, 609.0, 609.0, 609.0, 609.0, 609.0, 609.0, 609.0, 609.0, 609.0, 609.0, 609.0, 609.0, 609.0, 609.0, 609.0, 609.0, 609.0, 609.0, 609.0, 609.0, 659.0, 659.0, 757.0, 757.0, 757.0, 757.0, 757.0, 757.0, 757.0, 757.0, 757.0, 757.0, 757.0, 757.0, 757.0, 757.0, 757.0, 900.0, 900.0, 900.0, 900.0, 900.0, 900.0, 900.0, 900.0, 900.0, 900.0, 900.0, 900.0, 900.0, 900.0, 900.0, 1182.0, 1182.0, 1182.0, 1182.0, 1182.0, 1182.0, 1182.0, 1182.0, 1182.0, 1182.0, 1182.0, 1182.0, 1182.0, 1182.0, 1182.0, 1182.0, 1182.0, 1182.0, 1182.0, 1182.0, 1182.0, 1221.0, 1221.0, 1221.0, 1221.0, 1221.0, 1221.0, 1221.0, 1221.0, 3994.0, 4114.0, 4114.0]
List of Best in Generation for Distance Score: [0, 522, 871, 399, 211, 344, 581, 254, 268, 405, 136, 149, 372, 575, 173, 484, 576, 344, 189, 829, 262, 340, 242, 921, 599, 1173, 1804, 692, 405, 861, 1525, 615, 898, 527, 1700, 2237, 1092, 333, 843, 926, 329, 625, 989, 1176, 298, 580, 342, 1226, 625, 681, 396, 528, 766, 1177, 1659, 268, 2012, 2667, 1355, 545, 758, 1001, 906, 503, 1167, 1217, 1455, 1377, 1145, 669, 669, 264, 380, 1114, 788, 1748, 559, 2026, 353, 916, 568, 709, 1157, 488, 1029, 1525, 221, 712, 879, 1222, 368, 843, 433, 1102, 986, 554, 1878, 4000, 4000, 4000]
List of Best in All Previous Generations for Distance Score: [0, 522, 871, 871, 871, 871, 871, 871, 871, 871, 871, 871, 871, 871, 871, 871, 871, 871, 871, 871, 871, 871, 871, 921, 921, 1173, 1804, 1804, 1804, 1804, 1804, 1804, 1804, 1804, 1804, 2237, 2237, 2237, 2237, 2237, 2237, 2237, 2237, 2237, 2237, 2237, 2237, 2237, 2237, 2237, 2237, 2237, 2237, 2237, 2237, 2237, 2237, 2667, 2667, 2667, 2667, 2667, 2667, 2667, 2667, 2667, 2667, 2667, 2667, 2667, 2667, 2667, 2667, 2667, 2667, 2667, 2667, 2667, 2667, 2667, 2667, 2667, 2667, 2667, 2667, 2667, 2667, 2667, 2667, 2667, 2667, 2667, 2667, 2667, 2667, 2667, 2667, 4000, 4000, 4000]
List of Best in Generation for Target Score: [0, 4, 0, 8, 4, 0, 7.0, 4, 4, 0, 4, 4, 4, 4, 0, 0, 4, 4, 0, 8, 0, 0, 0, 4, 4, 8, 0, 4, 4, 8, 2.0, 4, 4, 8, 1.0, 0, 8, 8, 0, 4, 8, 4, 2.0, 4, 8, 4, 4, 0, 15.5, 4, 4, 0, 8, 7.0, 8, 4, 8, 8, 8, 4, 7.0, 12, 0, 4, 8, 4, 4, 11.0, 21.0, 4, 8, 12, 8, 12, 12, 12, 4, 16, 0, 8, 7.5, 4, 4, 8, 8, 4, 4, 8, 29.0, 12, 4, 16, 8, 4, 16, 8, 8, 4, 17.5, 8]
List of Best in All Previous Generations for Target Score: [0, 4, 4, 8, 8, 8, 8, 8, 8, 8, 8, 8, 8, 8, 8, 8, 8, 8, 8, 8, 8, 8, 8, 8, 8, 8, 8, 8, 8, 8, 8, 8, 8, 8, 8, 8, 8, 8, 8, 8, 8, 8, 8, 8, 8, 8, 8, 8, 15.5, 15.5, 15.5, 15.5, 15.5, 15.5, 15.5, 15.5, 15.5, 15.5, 15.5, 15.5, 15.5, 15.5, 15.5, 15.5, 15.5, 15.5, 15.5, 15.5, 21.0, 21.0, 21.0, 21.0, 21.0, 21.0, 21.0, 21.0, 21.0, 21.0, 21.0, 21.0, 21.0, 21.0, 21.0, 21.0, 21.0, 21.0, 21.0, 21.0, 29.0, 29.0, 29.0, 29.0, 29.0, 29.0, 29.0, 29.0, 29.0, 29.0, 29.0, 29.0]
List of Scores for the Best Overall Plane in Each Generation: [[0, 0, 0], [347, 348, 0], [585, 586, 0], [230, 151, 6.0], [186, 147, 4], [151, 152, -20.0], [609.0, 540, 6.5], [190, 151, 3.5], [191, 152, 0.0], [208.0, 279, -7.5], [175, 136, 4], [188, 149, 4], [190, 151, 3.5], [555.0, 526, 2.5], [172, 173, 0], [168, 169, -0.5], [190, 151, 3.5], [214, 215, -0.5], [188, 189, 0], [327, 328, 0], [261, 262, 0], [173, 174, 0], [203.0, 229, -3.0], [287.0, 758, -47.5], [431.0, 437, -0.5], [230, 151, 7.5], [336, 337, 0], [259, 260, 0], [404, 405, 0], [309, 310, 0], [276.0, 257, 1.5], [370, 371, 0], [310.0, 316, -0.5], [269, 270, -0.5], [250.0, 256, -0.5], [321.0, 327, -0.5], [659.0, 735, -7.5], [230, 151, 7.5], [757.0, 843, -8.5], [283.0, 289, -0.5], [253, 254, 0], [190, 151, 3.0], [742.0, 728, 1.5], [702.0, 738, -3.5], [302.0, 268, 3.0], [559.0, 580, -2.0], [341, 342, 0], [503.0, 519, -1.5], [306.0, 152, -4.0], [645.0, 681, -3.5], [205, 206, 0], [451, 452, 0], [255, 256, 0], [900.0, 836, 6.5], [248, 249, 0], [190, 151, 3.5], [291, 292, 0], [445.0, 506, -6.0], [410.0, 416, -0.5], [226, 227, 0], [655.0, 696, -4.0], [572.0, 563, 1.0], [573.0, 639, -6.5], [375.0, 446, -7.0], [273.0, 284, -1.0], [190, 191, 0], [190, 151, 3.5], [568.0, 489, 8.0], [1182.0, 1048, 13.5], [534.0, 570, -3.5], [291.0, 297, -0.5], [270, 151, 11.5], [230, 151, 7.0], [519.0, 550, -3.0], [661.0, 727, -6.5], [955.0, 926, 3.0], [348.0, 359, -1.0], [316, 317, 0], [325.0, 331, -0.5], [283, 284, 0], [632.0, 558, 7.5], [381.0, 387, -0.5], [489.0, 550, -6.0], [433, 434, 0], [247.0, 303, -5.5], [533.0, 539, -0.5], [220, 221, 0], [781.0, 712, 7.0], [1158.0, 879, 28.0], [1221.0, 1222, 0.0], [252.0, 368, -11.5], [977.0, 833, 14.5], [230, 151, 7.5], [502, 503, 0], [778.0, 829, -5.0], [553, 554, 0], [311, 312, 0], [3994.0, 4000, -0.5], [4114.0, 4000, 11.5], [4074.0, 4000, 7.5]]


--RUN 32--
Population Size: 30
Generations: 100
Maximum Total Score: 3999
Maximum Distance Score: 4000
Maximum Target Score: 12.5
Best Overall Total Score: 3999
Distance Score of Best Overall: 4000
Target Score of Best Overall: 0
Theoretical Maximum Score: 4980

PARAMETERS:
Random Seed: 4701
Mu: [3, 2, 2]   Mu Weights: [7, 14, 21, 45, 69, 93, 100]    Lambda: 23
Population Size: 30
Maximum Allowed Distance: 4000
Plane Y Speed: -3.5     Plane X Speed: 3
Multi-Objective Weight Function: distanceScore + (10 * targetScore)
Range of Horizontal Space between Adjacent Radar Pairs: 175 - 340
Range of Gap (Vertical Space) between Pair of Radars:  120 - 180
Minimum Length of Radar Beam: 80
Mutation Probability (Weighted for low maximum total scores): 1.5%
Number of Columns: 50
Number of Levels Back: 200

LISTS:
List of Best in Generation for Total Score: [0, 132, 1557, 148, 230, 230, 408, 988, 545, 634, 389, 246, 176, 1191, 263, 563, 448, 506, 279, 490, 879, 692, 929, 545, 373, 1025, 102, 635, 1383, 190, 1264, 902, 783, 291, 777, 254, 342, 211, 150, 150, 319, 2385, 958, 672, 219, 609, 393, 2420, 587, 883, 1485, 2401, 331.0, 171, 233, 160, 270, 132, 185, 190, 690.0, 76, 230, 303.0, 191, 637.0, 556.0, 293.0, 464.0, 414.0, 517.0, 282.0, 3999, 3999, 3999, 3999, 3999, 3999, 3999, 3999, 3999, 3999, 3999, 3999, 3999, 3999, 3999, 3999, 3999, 3999, 3999, 3999, 3999, 3999, 3999, 3999, 3999, 3999, 3999, 3999]
List of Best in All Previous Generations for Total Score: [0, 132, 1557, 1557, 1557, 1557, 1557, 1557, 1557, 1557, 1557, 1557, 1557, 1557, 1557, 1557, 1557, 1557, 1557, 1557, 1557, 1557, 1557, 1557, 1557, 1557, 1557, 1557, 1557, 1557, 1557, 1557, 1557, 1557, 1557, 1557, 1557, 1557, 1557, 1557, 1557, 2385, 2385, 2385, 2385, 2385, 2385, 2420, 2420, 2420, 2420, 2420, 2420, 2420, 2420, 2420, 2420, 2420, 2420, 2420, 2420, 2420, 2420, 2420, 2420, 2420, 2420, 2420, 2420, 2420, 2420, 2420, 3999, 3999, 3999, 3999, 3999, 3999, 3999, 3999, 3999, 3999, 3999, 3999, 3999, 3999, 3999, 3999, 3999, 3999, 3999, 3999, 3999, 3999, 3999, 3999, 3999, 3999, 3999, 3999]
List of Best in Generation for Distance Score: [0, 133, 1558, 149, 166, 186, 369, 989, 546, 635, 390, 247, 177, 1192, 264, 564, 449, 507, 280, 491, 880, 693, 930, 546, 374, 1026, 103, 636, 1384, 191, 1265, 903, 784, 292, 778, 255, 343, 440, 205, 151, 320, 2386, 959, 673, 220, 610, 855, 2421, 588, 884, 1486, 2402, 452, 133, 194, 161, 172, 133, 186, 394, 696, 77, 174, 316, 163, 583, 657, 356, 595, 387, 488, 395, 4000, 4000, 4000, 4000, 4000, 4000, 4000, 4000, 4000, 4000, 4000, 4000, 4000, 4000, 4000, 4000, 4000, 4000, 4000, 4000, 4000, 4000, 4000, 4000, 4000, 4000, 4000, 4000]
List of Best in All Previous Generations for Distance Score: [0, 133, 1558, 1558, 1558, 1558, 1558, 1558, 1558, 1558, 1558, 1558, 1558, 1558, 1558, 1558, 1558, 1558, 1558, 1558, 1558, 1558, 1558, 1558, 1558, 1558, 1558, 1558, 1558, 1558, 1558, 1558, 1558, 1558, 1558, 1558, 1558, 1558, 1558, 1558, 1558, 2386, 2386, 2386, 2386, 2386, 2386, 2421, 2421, 2421, 2421, 2421, 2421, 2421, 2421, 2421, 2421, 2421, 2421, 2421, 2421, 2421, 2421, 2421, 2421, 2421, 2421, 2421, 2421, 2421, 2421, 2421, 4000, 4000, 4000, 4000, 4000, 4000, 4000, 4000, 4000, 4000, 4000, 4000, 4000, 4000, 4000, 4000, 4000, 4000, 4000, 4000, 4000, 4000, 4000, 4000, 4000, 4000, 4000, 4000]
List of Best in Generation for Target Score: [0, 0, 0, 0, 8, 8, 4, 0, 0, 4, 0.5, 0, 0, 4, 0, 0, 0, 0, 4, 0, 0, 4, 0, 0, 8, 0, 0, 0, 0, 0, 8, 0, 0, 0, 4, 0, 4, 0.5, 0, 0, 0, 4, 4, 0, 0, 0, 0, 0, 4, 4, 0, 4, 0, 4, 8, 0, 12, 0, 0, 4, 4, 0, 8, 4, 4, 12.5, 4, 4, 2.0, 11.0, 12, 8, 4, 0, 4, 0, 0, 0, 4, 0, 0, 0, 0, 12, 0, 0, 0, 0, 4, 0, 4, 8, 0, 0, 0, 0, 4, 0, 0, 0]
List of Best in All Previous Generations for Target Score: [0, 0, 0, 0, 8, 8, 8, 8, 8, 8, 8, 8, 8, 8, 8, 8, 8, 8, 8, 8, 8, 8, 8, 8, 8, 8, 8, 8, 8, 8, 8, 8, 8, 8, 8, 8, 8, 8, 8, 8, 8, 8, 8, 8, 8, 8, 8, 8, 8, 8, 8, 8, 8, 8, 8, 8, 12, 12, 12, 12, 12, 12, 12, 12, 12, 12.5, 12.5, 12.5, 12.5, 12.5, 12.5, 12.5, 12.5, 12.5, 12.5, 12.5, 12.5, 12.5, 12.5, 12.5, 12.5, 12.5, 12.5, 12.5, 12.5, 12.5, 12.5, 12.5, 12.5, 12.5, 12.5, 12.5, 12.5, 12.5, 12.5, 12.5, 12.5, 12.5, 12.5, 12.5]
List of Scores for the Best Overall Plane in Each Generation: [[0, 0, 0], [132, 133, 0], [1557, 1558, 0], [148, 149, 0], [230, 151, 7.5], [230, 151, 7.5], [408, 369, 4], [988, 989, 0], [545, 546, 0], [634, 635, 0], [389, 390, 0], [246, 247, 0], [176, 177, 0], [1191, 1192, 0], [263, 264, 0], [563, 564, 0], [448, 449, 0], [506, 507, 0], [279, 280, 0], [490, 491, 0], [879, 880, 0], [692, 693, 0], [929, 930, 0], [545, 546, 0], [373, 374, 0], [1025, 1026, 0], [102, 103, 0], [635, 636, 0], [1383, 1384, 0], [190, 191, 0], [1264, 1265, 0], [902, 903, 0], [783, 784, 0], [291, 292, 0], [777, 778, 0], [254, 255, 0], [342, 343, 0], [211, 212, 0], [150, 151, -20.0], [150, 151, -0.5], [319, 320, 0], [2385, 2386, 0], [958, 959, 0], [672, 673, 0], [219, 220, 0], [609, 610, 0], [393, 394, 0], [2420, 2421, 0], [587, 588, 0], [883, 884, 0], [1485, 1486, 0], [2401, 2402, 0], [331.0, 452, -12.0], [171, 132, 4], [233, 194, 4], [160, 161, 0], [270, 151, 11.5], [132, 133, 0], [185, 186, 0], [190, 151, 3.5], [690.0, 696, -0.5], [76, 77, 0], [230, 151, 7.5], [303.0, 269, 3.0], [191, 152, -7.0], [637.0, 583, 5.5], [556.0, 657, -10.0], [293.0, 349, -6.0], [464.0, 595, -13.0], [414.0, 355, 5.5], [517.0, 488, 3.0], [282.0, 388, -11.0], [3999, 4000, 0], [3999, 4000, 0], [3999, 4000, 0], [3999, 4000, 0], [3999, 4000, 0], [3999, 4000, 0], [3999, 4000, 0], [3999, 4000, 0], [3999, 4000, 0], [3999, 4000, 0], [3999, 4000, 0], [3999, 4000, 0], [3999, 4000, 0], [3999, 4000, 0], [3999, 4000, 0], [3999, 4000, 0], [3999, 4000, 0], [3999, 4000, 0], [3999, 4000, 0], [3999, 4000, 0], [3999, 4000, 0], [3999, 4000, 0], [3999, 4000, 0], [3999, 4000, 0], [3999, 4000, 0], [3999, 4000, 0], [3999, 4000, 0], [3999, 4000, 0]]


--RUN 33--
Population Size: 30
Generations: 100
Maximum Total Score: 3539.0
Maximum Distance Score: 4000
Maximum Target Score: 15.5
Best Overall Total Score: 3539.0
Distance Score of Best Overall: 4000
Target Score of Best Overall: -46.0
Theoretical Maximum Score: 6260

PARAMETERS:
Random Seed: 4701
Mu: [3, 2, 2]   Mu Weights: [7, 14, 21, 45, 69, 93, 100]    Lambda: 23
Population Size: 30
Maximum Allowed Distance: 4000
Plane Y Speed: -3.5     Plane X Speed: 3
Multi-Objective Weight Function: distanceScore + (10 * targetScore)
Range of Horizontal Space between Adjacent Radar Pairs: 175 - 340
Range of Gap (Vertical Space) between Pair of Radars:  120 - 180
Minimum Length of Radar Beam: 80
Mutation Probability (Weighted for low maximum total scores): 1.5%
Number of Columns: 1000
Number of Levels Back: 200

LISTS:
List of Best in Generation for Total Score: [0, 150, 150, 309, 223, 442, 187, 94, 401.0, 150, 240.0, 233.0, 630.0, 238.0, 190, 260.0, 400.0, 219.0, 452.0, 853.0, 1395.0, 714.0, 603.0, 1892.0, 327.0, 254.0, 392.0, 497.0, 2133.0, 273.0, 151, 177.0, 205, 229, 325, 230, 151, 154, 190, 317.0, 190, 255.0, 150, 186.0, 219, 184, 191, 178, 271, 275.0, 204.0, 248, 226.0, 190, 382.0, 288.0, 227, 331.0, 190, 180.0, 310.0, 153, 875.0, 356.0, 295.0, 506, 362, 283, 334, 401.0, 693.0, 276, 168, 204, 293, 214, 429, 390.0, 270, 188, 478, 350, 331, 305.0, 662, 405.0, 160, 1463.0, 1822.0, 744.0, 2007.0, 2557.0, 1705.0, 921.0, 3369.0, 1693.0, 3539.0, 2391.0, 1423.0, 1090.0]
List of Best in All Previous Generations for Total Score: [0, 150, 150, 309, 309, 442, 442, 442, 442, 442, 442, 442, 630.0, 630.0, 630.0, 630.0, 630.0, 630.0, 630.0, 853.0, 1395.0, 1395.0, 1395.0, 1892.0, 1892.0, 1892.0, 1892.0, 1892.0, 2133.0, 2133.0, 2133.0, 2133.0, 2133.0, 2133.0, 2133.0, 2133.0, 2133.0, 2133.0, 2133.0, 2133.0, 2133.0, 2133.0, 2133.0, 2133.0, 2133.0, 2133.0, 2133.0, 2133.0, 2133.0, 2133.0, 2133.0, 2133.0, 2133.0, 2133.0, 2133.0, 2133.0, 2133.0, 2133.0, 2133.0, 2133.0, 2133.0, 2133.0, 2133.0, 2133.0, 2133.0, 2133.0, 2133.0, 2133.0, 2133.0, 2133.0, 2133.0, 2133.0, 2133.0, 2133.0, 2133.0, 2133.0, 2133.0, 2133.0, 2133.0, 2133.0, 2133.0, 2133.0, 2133.0, 2133.0, 2133.0, 2133.0, 2133.0, 2133.0, 2133.0, 2133.0, 2133.0, 2557.0, 2557.0, 2557.0, 3369.0, 3369.0, 3539.0, 3539.0, 3539.0, 3539.0]
List of Best in Generation for Distance Score: [0, 158, 165, 310, 777, 2018, 457, 95, 407, 260, 624, 249, 649, 304, 316, 271, 491, 295, 523, 1254, 1480, 717, 674, 2556, 468, 633, 901, 4000, 2970, 1194, 1143, 4000, 293, 2315, 1352, 1726, 2496, 4000, 1356, 2946, 773, 945, 4000, 4000, 1426, 185, 155, 586, 297, 286, 287, 822, 176, 356, 865, 404, 481, 359, 308, 246, 780, 257, 2066, 516, 340, 507, 363, 284, 335, 447, 664, 347, 259, 205, 294, 215, 569, 356, 271, 189, 479, 311, 332, 4000, 4000, 4000, 4000, 4000, 4000, 4000, 4000, 4000, 4000, 4000, 4000, 4000, 4000, 4000, 4000, 4000]
List of Best in All Previous Generations for Distance Score: [0, 158, 165, 310, 777, 2018, 2018, 2018, 2018, 2018, 2018, 2018, 2018, 2018, 2018, 2018, 2018, 2018, 2018, 2018, 2018, 2018, 2018, 2556, 2556, 2556, 2556, 4000, 4000, 4000, 4000, 4000, 4000, 4000, 4000, 4000, 4000, 4000, 4000, 4000, 4000, 4000, 4000, 4000, 4000, 4000, 4000, 4000, 4000, 4000, 4000, 4000, 4000, 4000, 4000, 4000, 4000, 4000, 4000, 4000, 4000, 4000, 4000, 4000, 4000, 4000, 4000, 4000, 4000, 4000, 4000, 4000, 4000, 4000, 4000, 4000, 4000, 4000, 4000, 4000, 4000, 4000, 4000, 4000, 4000, 4000, 4000, 4000, 4000, 4000, 4000, 4000, 4000, 4000, 4000, 4000, 4000, 4000, 4000, 4000]
List of Best in Generation for Target Score: [0, 0, 0, 4, 4, 4, 0, 0, 0, 0, 8, 4, 4, 0, 4, 4, 4, 0, 10.5, 7.0, 7.0, 15.5, 0, 8, 0, 0, 4, 4, 4, 4, 0, 4, 0, 8, 4, 8, 0, 0, 4, 8, 4, 0, 0, 3.5, 8, 0, 4, 0, 12, 4, 0, 0, 7.5, 4, 4, 0, 0, 3.0, 4, 0, 4, 0, 0, 0, 4, 4, 0, 0, 0, 0, 3.5, 8, 0, 0, 0, 0, 0, 5.0, 0, 0, 0, 4, 4, 0, 4, 4, 0, 8, 4, 1.0, 4, 4, 0, 8, 12, 3.5, 4, 1.5, 8.5, 8]
List of Best in All Previous Generations for Target Score: [0, 0, 0, 4, 4, 4, 4, 4, 4, 4, 8, 8, 8, 8, 8, 8, 8, 8, 10.5, 10.5, 10.5, 15.5, 15.5, 15.5, 15.5, 15.5, 15.5, 15.5, 15.5, 15.5, 15.5, 15.5, 15.5, 15.5, 15.5, 15.5, 15.5, 15.5, 15.5, 15.5, 15.5, 15.5, 15.5, 15.5, 15.5, 15.5, 15.5, 15.5, 15.5, 15.5, 15.5, 15.5, 15.5, 15.5, 15.5, 15.5, 15.5, 15.5, 15.5, 15.5, 15.5, 15.5, 15.5, 15.5, 15.5, 15.5, 15.5, 15.5, 15.5, 15.5, 15.5, 15.5, 15.5, 15.5, 15.5, 15.5, 15.5, 15.5, 15.5, 15.5, 15.5, 15.5, 15.5, 15.5, 15.5, 15.5, 15.5, 15.5, 15.5, 15.5, 15.5, 15.5, 15.5, 15.5, 15.5, 15.5, 15.5, 15.5, 15.5, 15.5]
List of Scores for the Best Overall Plane in Each Generation: [[0, 0, 0], [150, 151, -0.5], [150, 151, -0.5], [309, 310, 0], [223, 224, 0], [442, 443, 0], [187, 188, 0], [94, 95, 0], [401.0, 407, -0.5], [150, 151, -0.5], [240.0, 341, -10.0], [233.0, 249, -1.5], [630.0, 606, 2.0], [238.0, 304, -6.5], [190, 151, 3.5], [260.0, 271, -1.0], [400.0, 491, -9.0], [219.0, 295, -7.5], [452.0, 523, -7.0], [853.0, 1254, -40.0], [1395.0, 1476, -8.5], [714.0, 710, 0.0], [603.0, 674, -7.0], [1892.0, 2513, -62.5], [327.0, 468, -14.0], [254.0, 300, -5.0], [392.0, 618, -22.5], [497.0, 773, -27.5], [2133.0, 2969, -83.5], [273.0, 1194, -92.0], [151, 152, -2.5], [177.0, 623, -45.0], [205, 206, 0], [229, 150, 8], [325, 326, 0], [230, 151, 7.5], [151, 152, -6.0], [154, 155, 0], [190, 151, 3.5], [317.0, 323, -0.5], [190, 151, 3.5], [255.0, 261, -1.0], [150, 151, -0.5], [186.0, 152, -16.5], [219, 140, 8], [184, 185, 0], [191, 152, 0.0], [178, 179, -0.5], [271, 152, -5.0], [275.0, 286, -1.0], [204.0, 250, -5.0], [248, 249, 0], [226.0, 152, -12.5], [190, 151, 3.5], [382.0, 468, -9.0], [288.0, 299, -1.5], [227, 228, 0], [331.0, 302, 2.5], [190, 151, 3.5], [180.0, 246, -6.5], [310.0, 376, -6.5], [153, 154, -0.5], [875.0, 2066, -119.0], [356.0, 507, -15.5], [295.0, 291, 0.0], [506, 507, 0], [362, 363, 0], [283, 284, 0], [334, 335, 0], [401.0, 447, -4.5], [693.0, 664, 3.0], [276, 277, 0], [168, 169, 0], [204, 205, 0], [293, 294, 0], [214, 215, 0], [429, 430, 0], [390.0, 356, 3.5], [270, 271, 0], [188, 189, 0], [478, 479, 0], [350, 311, 4], [331, 332, 0], [305.0, 1091, -79.0], [662, 663, 0], [405.0, 411, -0.5], [160, 161, 0], [1463.0, 1804, -34.0], [1822.0, 1818, 0.5], [744.0, 760, -1.5], [2007.0, 2298, -29.0], [2557.0, 2883, -32.5], [1705.0, 2026, -32.0], [921.0, 1182, -26.0], [3369.0, 4000, -63.0], [1693.0, 2239, -54.5], [3539.0, 4000, -46.0], [2391.0, 2457, -6.5], [1423.0, 1529, -11.0], [1090.0, 1321, -23.0]]
